1.924185009155118808e-02
1.937187171289963400e-02
1.953441634176517408e-02
1.973774203361523816e-02
1.998782825576513392e-02
2.028776933347745809e-02
2.063742045528303010e-02
2.103333532744272941e-02
2.146901407158298414e-02
2.193545535580330996e-02
2.242197556811273071e-02
2.291722183415432698e-02
2.341027168137081380e-02
2.389169005878188923e-02
2.435441310206203080e-02
2.479435111189010402e-02
2.521064692061958379e-02
2.560558004219353270e-02
2.598415896844800260e-02
2.635348276493976183e-02
2.672197285717732573e-02
2.709857655750398664e-02
2.749202984163146360e-02
2.791024436335095074e-02
2.835985838550355784e-02
2.884596702193482562e-02
2.937202575489555531e-02
2.993990320750550271e-02
3.055004501202281467e-02
3.120170128434804346e-02
3.189316731664924853e-02
3.262199230670873723e-02
3.338512493205082754e-02
3.417898604577390698e-02
3.499948402229127731e-02
3.584201167507790331e-02
3.670147888425948773e-02
3.757243682608543689e-02
3.844933542620531525e-02
3.932692669812127423e-02
4.020078849779264163e-02
4.106790478426258773e-02
4.192720990329847075e-02
4.277999436566187752e-02
4.363008237348799112e-02
4.448372515478316025e-02
4.534920132554616512e-02
4.623616479011847386e-02
4.715482089289375206e-02
4.811503476235684529e-02
4.912547930988039185e-02
5.019291640370118768e-02
5.132167883308656059e-02
5.251338933027582812e-02
5.376692187870007328e-02
5.507858390667553367e-02
5.644247815408063446e-02
5.785099110727183469e-02
5.929535112723571116e-02
6.076620325079302304e-02
6.225415791601536519e-02
6.375028554613361431e-02
6.524654524071754613e-02
6.673615047106530584e-02
6.821388438275040322e-02
6.967637956936158228e-02
7.112237105243479629e-02
7.255291785530494642e-02
7.397157135198706435e-02
7.538445246885738804e-02
7.680019018964212574e-02
7.822967493963900454e-02
7.968559415151725556e-02
8.118174240154463206e-02
8.273213090711570294e-02
8.434995517144999733e-02
8.604650924922618849e-02
8.783015567814385360e-02
8.970546845469412611e-02
9.167266097653054002e-02
9.372739116688669214e-02
9.586100235828075300e-02
9.806121230194636551e-02
1.003132070955481403e-01
1.026010378407633539e-01
1.049091643941486018e-01
1.072239535275956307e-01
1.095349284942419843e-01
1.118355899125483832e-01
1.141236838711742196e-01
1.164008742430236304e-01
1.186718679125616654e-01
1.209431265245574094e-01
1.232213605081166341e-01
1.255120298915730626e-01
1.278180684680373103e-01
1.301390069621501111e-01
1.324706060432454258e-01
1.348050332181741640e-01
1.371315412161022151e-01
1.394375405117211641e-01
1.417099134774198743e-01
1.439363969608153382e-01
1.461068642660007244e-01
1.482143629065923451e-01
1.502558043535035248e-01
1.522322482372409913e-01
1.541487686478572594e-01
1.560139291220859203e-01
1.578389233981357942e-01
1.596364614683261907e-01
1.614194967810421710e-01
1.631999026041398293e-01
1.649872143480760889e-01
1.667875589982502071e-01
1.686028898700795975e-01
1.704306307777122553e-01
1.722638047455517796e-01
1.740916768053651920e-01
1.759008798990800426e-01
1.776769237159295800e-01
1.794059192928318114e-01
1.810763012977026631e-01
1.826803088676942077e-01
1.842150042103563590e-01
1.856826674250768305e-01
1.870904978935301055e-01
1.884496602341945992e-01
1.897738148206685738e-01
1.910773490273989239e-01
1.923735619715326306e-01
1.936730483856998197e-01
1.949824817734101823e-01
1.963039255581792430e-01
1.976347190170762158e-01
1.989679070861471166e-01
2.002931207338884689e-01
2.015977736371608597e-01
2.028684225050076395e-01
2.040921398080070837e-01
2.052577638864409026e-01
2.063569170446184764e-01
2.073847130060661181e-01
2.083401085377329098e-01
2.092258892649823399e-01
2.100483163632810568e-01
2.108164978321959426e-01
2.115415825880228584e-01
2.122359029178793599e-01
2.129122051533464122e-01
2.135831045541526640e-01
2.142608755386807007e-01
2.149576435490718196e-01
2.156859853039538033e-01
2.164598790228395297e-01
2.172958865782824434e-01
2.182144063929035427e-01
2.192408174092131679e-01
2.204063438838590183e-01
2.217485054487385310e-01
2.233110687909214964e-01
2.251434749784345934e-01
2.272997679959711803e-01
2.298370861154312994e-01
2.328137937012929037e-01
2.362873277856710752e-01
2.403118167765661284e-01
2.449355063723045456e-01
2.501980091471239787e-01
2.561273869478326581e-01
2.627370840025138876e-01
2.700227548414376733e-01
2.779590726895808661e-01
2.864966559452227779e-01
2.955593057636358711e-01
3.050417987816776977e-01
3.148085179786345167e-01
3.246932248269575050e-01
3.345002716502530893e-01
3.440075197026147280e-01
3.529711614251682672e-01
3.611325403866244010e-01
3.682269168544098359e-01
3.739939424732934281e-01
3.781893942146056231e-01
3.805974973068449452e-01
3.810429729352226569e-01
3.794018203071551354e-01
3.756098236993885564e-01
3.696678892229819935e-01
3.616435652101206433e-01
3.516684577844134685e-01
3.399316680316839534e-01
3.266697846242389569e-01
3.121543031165870952e-01
2.966775636985019560e-01
2.805383804546676130e-01
2.640284797758490343e-01
2.474206960930580290e-01
2.309596239391578099e-01
2.148551346566744402e-01
1.992788700064795637e-01
1.843635542197097910e-01
1.702047443367442903e-01
1.568644817657319779e-01
1.443762233727715338e-01
1.327504174809740478e-01
1.219801411177673101e-01
1.120463163812537716e-01
1.029221590182610585e-01
9.457666269046090257e-02
8.697706942556839016e-02
8.009040347618152922e-02
7.388423869367324870e-02
6.832692036521151313e-02
6.338746998136103594e-02
5.903537165857291463e-02
5.524038401087170980e-02
5.197245633343522409e-02
4.920176770090164964e-02
4.689886301693032417e-02
4.503483681084914647e-02
4.358151381500525307e-02
4.251159089039674432e-02
4.179873083553414109e-02
4.141762704068235879e-02
4.134408102373004351e-02
4.155514605916768578e-02
4.202938525937758435e-02
4.274727103697432973e-02
4.369171865242289093e-02
4.484870737437941790e-02
4.620790882993234400e-02
4.776322299361088902e-02
4.951312384401614780e-02
5.146073918503753231e-02
5.361362703452453998e-02
5.598325537728225665e-02
5.858423369321447138e-02
6.143337672450699394e-02
6.454870049711029789e-02
6.794845821530341723e-02
7.165032185888925431e-02
7.567080695123915013e-02
8.002502489479997039e-02
8.472682998399586052e-02
8.978940609957038188e-02
9.522631002064910200e-02
1.010529530641368079e-01
1.072884593368153144e-01
1.139577863350258735e-01
1.210939309546420206e-01
1.287399699621067650e-01
1.369505971743482653e-01
1.457927186253663299e-01
1.553445515733278826e-01
1.656925465741559966e-01
1.769253256892986681e-01
1.891237324629803651e-01
2.023460765780316362e-01
2.166078230147312766e-01
2.318554601068081311e-01
2.479352487185627618e-01
2.645591478579363276e-01
2.812724494419076016e-01
2.974302914754938243e-01
3.121926068740432658e-01
3.245481144470552803e-01
3.333763223461809200e-01
3.375510866659133247e-01
3.360799258231784714e-01
3.282615742030678962e-01
3.138334988650937074e-01
2.930756102312315758e-01
2.668397552351181590e-01
2.364877572096526492e-01
2.037410896323221254e-01
1.704670114211346288e-01
1.384423991429600542e-01
1.091423296770829415e-01
8.359378974064070322e-02
6.231773699574441605e-02
4.536036144752873811e-02
3.239360681115557861e-02
2.285193216969626240e-02
1.607016128973636979e-02
1.139522924133171654e-02
8.258316704456593674e-03
6.207549567780022357e-03
4.910714897480127593e-03
4.140761233156155588e-03
