1.989864378122357252e-02
2.013070712424233286e-02
2.037616338156819987e-02
2.063459248180342029e-02
2.090511799870828011e-02
2.118659867045979278e-02
2.147784687528630707e-02
2.177784540490384710e-02
2.208593370685332791e-02
2.240193837675208757e-02
2.272622995209418878e-02
2.305969828662117818e-02
2.340365064374458348e-02
2.375964832878156574e-02
2.412930718823203674e-02
2.451409285954299355e-02
2.491514208305781533e-02
2.533313641120569712e-02
2.576824501137865361e-02
2.622014066077800118e-02
2.668807988594750283e-02
2.717102719911690042e-02
2.766779692837739030e-02
2.817718572211295666e-02
2.869807452833598310e-02
2.922948924768243792e-02
2.977062160679469147e-02
3.032082280793181248e-02
3.087958925582478045e-02
3.144656042295408682e-02
3.202154365401678471e-02
3.260457105852773707e-02
3.319598239062093031e-02
3.379651810731051920e-02
3.440740122623786590e-02
3.503038651345551091e-02
3.566776068961800134e-02
3.632228610461140511e-02
3.699709022002524439e-02
3.769551174694700524e-02
3.842091961123985516e-02
3.917652240430174321e-02
3.996518413941926168e-02
4.078925831034810323e-02
4.165044804711863502e-02
4.254969691109318497e-02
4.348711324086686897e-02
4.446193086809275413e-02
4.547250977769417418e-02
4.651638092116834600e-02
4.759033902927880394e-02
4.869058542270353340e-02
4.981291951075481061e-02
5.095297337191259657e-02
5.210647923418092187e-02
5.326955549815449997e-02
5.443899362015902632e-02
5.561252585983576108e-02
5.678905258551696089e-02
5.796880755781331357e-02
5.915344066736134832e-02
6.034600059777960740e-02
6.155080560106086091e-02
6.277319961462321518e-02
6.401920331739126280e-02
6.529508447131221471e-02
6.660688702746719869e-02
6.795997114339273615e-02
6.935862324362096487e-02
7.080579365192379848e-02
7.230300728915238506e-02
7.385047039587504247e-02
7.544736542531542411e-02
7.709229180394612524e-02
7.878377878064996009e-02
8.052077546343515413e-02
8.230301873785451916e-02
8.413119544294482555e-02
8.600684985351422784e-02
8.793203529779634875e-02
8.990876005529159498e-02
9.193832153138883911e-02
9.402064936677266560e-02
9.615378147789400975e-02
9.833357585916151222e-02
1.005537192925546469e-01
1.028060402378694754e-01
1.050810781593111420e-01
1.073688168920831354e-01
1.096594647860502647e-01
1.119441642438473994e-01
1.142155369293358647e-01
1.164680115346885536e-01
1.186979277085620232e-01
1.209034507971667449e-01
1.230843581209662418e-01
1.252417642037281786e-01
1.273778409809971368e-01
1.294955655153264829e-01
1.315985005290541410e-01
1.336905903164019582e-01
1.357759421455067561e-01
1.378585634633545942e-01
1.399420369757005400e-01
1.420291353473138174e-01
1.441213999824814407e-01
1.462187292315419163e-01
1.483190363807085355e-01
1.504180440334785540e-01
1.525092772583610257e-01
1.545843025319947328e-01
1.566332336006771853e-01
1.586454909229730592e-01
1.606107621059608692e-01
1.625200722624679517e-01
1.643668423126998512e-01
1.661477968182915599e-01
1.678635862730777917e-01
1.695190139651908956e-01
1.711228024166629447e-01
1.726868926846338026e-01
1.742253322472040455e-01
1.757528637312409936e-01
1.772833686718014723e-01
1.788283421365271797e-01
1.803955733720147003e-01
1.819881859079011954e-01
1.836041514067008884e-01
1.852363398864335930e-01
1.868731102528936594e-01
1.884993851329762327e-01
1.900980988387324933e-01
1.916518631035805664e-01
1.931446678609763656e-01
1.945634283385258290e-01
1.958992072328108736e-01
1.971479804522967005e-01
1.983108719562184652e-01
1.993938496320462050e-01
2.004069403879519817e-01
2.013630793586031753e-01
2.022767479362596599e-01
2.031625739078758430e-01
2.040340633442769280e-01
2.049026100604605660e-01
2.057768885954004423e-01
2.066626861481600519e-01
2.075631737485833239e-01
2.084795633465892084e-01
2.094120516780602903e-01
2.103609195768735285e-01
2.113276417462187362e-01
2.123158698207937289e-01
2.133321807529128811e-01
2.143865292496944797e-01
2.154923994918655772e-01
2.166667072312374320e-01
2.179295473503497782e-01
2.193039044877834187e-01
2.208154397435091454e-01
2.224924345704387962e-01
2.243659192361961707e-01
2.264699479110894031e-01
2.288419183231510112e-01
2.315227837246828790e-01
2.345569784829499571e-01
2.379918808311974054e-01
2.418766662874774764e-01
2.462604569859980774e-01
2.511897367391383584e-01
2.567050700197611168e-01
2.628372286078364817e-01
2.696028894570638434e-01
2.770001216911491815e-01
2.850039310259164793e-01
2.935621763421680241e-01
3.025922119077027461e-01
3.119786317053823699e-01
3.215724880827587340e-01
3.311923139561044893e-01
3.406271884484880497e-01
3.496419501679721709e-01
3.579844901434688920e-01
3.653948666703661363e-01
3.716158015521298652e-01
3.764039661851567020e-01
3.795413657782406580e-01
3.808460903864219205e-01
3.801817218762744699e-01
3.774647585283115170e-01
3.726695332337708333e-01
3.658302485644923663e-01
3.570399275343074108e-01
3.464462796590664362e-01
3.342447021754312297e-01
3.206688624234615981e-01
3.059795159222344907e-01
2.904523748450594800e-01
2.743659229233967878e-01
2.579900545759412078e-01
2.415762952752395221e-01
2.253501543621912462e-01
2.095059051907044168e-01
1.942038233927778079e-01
1.795696826200661733e-01
1.656961374994074809e-01
1.526455289239117274e-01
1.404536245871557121e-01
1.291338434816340364e-01
1.186815866208573295e-01
1.090783869264657646e-01
1.002956822586773405e-01
9.229809592673096641e-02
8.504617347112708448e-02
7.849857240570022598e-02
7.261373504955709324e-02
6.735109667564258273e-02
6.267189477903087336e-02
5.853965222934781609e-02
5.492040839900493715e-02
5.178276854924770273e-02
4.909783342353826047e-02
4.683905933728682580e-02
4.498208594878279343e-02
4.350455661576713845e-02
4.238594683193603468e-02
4.160741087018283296e-02
4.115165531065335253e-02
4.100284918985089289e-02
4.114658185182464706e-02
4.156987899560111999e-02
4.226128353509231439e-02
4.321100079109676390e-02
4.441109876084192026e-02
4.585574621931225170e-02
4.754146664222507618e-02
4.946738589094169108e-02
5.163545625238066816e-02
5.405064734100627905e-02
5.672110330534556322e-02
5.965827359090809107e-02
6.287702990783358703e-02
6.639578495366882382e-02
7.023662978660534517e-02
7.442550785688699377e-02
7.899244544082460739e-02
8.397186015810358117e-02
8.940296914395910732e-02
9.533031212414549982e-02
1.018043863994557430e-01
1.088823541957349428e-01
1.166287220605170538e-01
1.251158028535035160e-01
1.344236523018384200e-01
1.446390272772085650e-01
1.558527508935552697e-01
1.681547074350017434e-01
1.816255576342217515e-01
1.963242103311904629e-01
2.122701845992818748e-01
2.294203522003791795e-01
2.476402933754686120e-01
2.666717558538793109e-01
2.860995402635386764e-01
3.053234476457801772e-01
3.235433438165666309e-01
3.397671858315075566e-01
3.528519442842678044e-01
3.615845571086310217e-01
3.648035486914896208e-01
3.615519426300186079e-01
3.512403674846075186e-01
3.337892364377251231e-01
3.097148922782083647e-01
2.801302162586827293e-01
2.466462486385342934e-01
2.111846765131399906e-01
1.757347495305783269e-01
1.421040613407414388e-01
1.117145574611562164e-01
8.548199324818446521e-02
6.379352903384850892e-02
4.657266107382274090e-02
3.340176166061242097e-02
2.366520755834070414e-02
1.668045997944124156e-02
1.179643651799542996e-02
8.452375632096170363e-03
6.201411152393036981e-03
4.708990582530614595e-03
3.737310583811648095e-03
