2.325478217187017596e-02
2.354664516494997181e-02
2.385206757088101370e-02
2.417172365616112109e-02
2.450564869204908264e-02
2.485332225757934735e-02
2.521381224274240468e-02
2.558595946211923017e-02
2.596858067116419172e-02
2.636066805092903212e-02
2.676156478073370495e-02
2.717109828003186692e-02
2.758965486602686992e-02
2.801818251037379442e-02
2.845811313065265899e-02
2.891120335019317644e-02
2.937930308763036027e-02
2.986407374494283451e-02
3.036669009278137807e-02
3.088756947596644348e-02
3.142617595209328679e-02
3.198094339555238724e-02
3.254934964800692415e-02
3.312815423937771897e-02
3.371378745387692416e-02
3.430285242790259703e-02
3.489267927019219784e-02
3.548185556244574934e-02
3.607065450359968339e-02
3.666129166056396327e-02
3.725796234234785009e-02
3.786664019999123887e-02
3.849464862651904434e-02
3.915004484982647498e-02
3.984087859244566515e-02
4.057440109844659415e-02
4.135630625584488934e-02
4.219008447908637743e-02
4.307656289260094334e-02
4.401369231014191225e-02
4.499662184085153477e-02
4.601807489608369245e-02
4.706900634963030045e-02
4.813948249150266923e-02
4.921968900642419847e-02
5.030094538902667167e-02
5.137659480048781951e-02
5.244265131549577519e-02
5.349812154227486655e-02
5.454496857074339622e-02
5.558774250338432976e-02
5.663295145347588266e-02
5.768827996960041588e-02
5.876177315387557526e-02
5.986109456990233030e-02
6.099293925693716201e-02
6.216264727589179001e-02
6.337402618697821066e-02
6.462935946063046166e-02
6.592955659052911199e-02
6.727439152820777202e-02
6.866277835284001485e-02
7.009304404464099247e-02
7.156317365043379786e-02
7.307101839580189273e-02
7.461446845986924314e-02
7.619159685517033764e-02
7.780077897275734788e-02
7.944078579722664568e-02
8.111084096989312764e-02
8.281062658525822906e-02
8.454022286977351530e-02
8.629997399615703391e-02
8.809028531749540925e-02
8.991137332879768629e-02
9.176300447940605176e-02
9.364426821895524555e-02
9.555343004302024879e-02
9.748790046669157661e-02
9.944433691520855600e-02
1.014188709886412187e-01
1.034074286681643529e-01
1.054060915963931366e-01
1.074114385394369930e-01
1.094208102431100532e-01
1.114324576805811595e-01
1.134455593968854842e-01
1.154601220213873763e-01
1.174768018496417238e-01
1.194966985076513083e-01
1.215211706587131929e-01
1.235517088058028096e-01
1.255898755636865594e-01
1.276372961884233437e-01
1.296956595469319073e-01
1.317666789177847075e-01
1.338519669289689462e-01
1.359527993410290236e-01
1.380697738356038151e-01
1.402024048294487901e-01
1.423487246496316083e-01
1.445049771532020133e-01
1.466654869598751076e-01
1.488227650003868252e-01
1.509678726844987384e-01
1.530910200970563573e-01
1.551823279693608504e-01
1.572326486975618998e-01
1.592343263167972367e-01
1.611817830594780010e-01
1.630718498255706028e-01
1.649038034761981519e-01
1.666791255964655827e-01
1.684010442115467798e-01
1.700739521791661268e-01
1.717028075287628797e-01
1.732926106749095863e-01
1.748480249413379428e-01
1.763731677622284444e-01
1.778715597564732298e-01
1.793461867250762121e-01
1.807996121838993664e-01
1.822340780790910053e-01
1.836515471845155123e-01
1.850536668800134843e-01
1.864416628622771743e-01
1.878161950713338191e-01
1.891772209535141080e-01
1.905239107780697105e-01
1.918546475179931932e-01
1.931671242818788214e-01
1.944585314254303199e-01
1.957258089129354506e-01
1.969659309513374645e-01
1.981761903045649031e-01
1.993544571958277278e-01
2.004993986390934679e-01
2.016106542348506669e-01
2.026889706545028647e-01
2.037362978436153549e-01
2.047558461792077511e-01
2.057520979020903140e-01
2.067307613099742536e-01
2.076986552200652536e-01
2.086635155513917872e-01
2.096337252829225950e-01
2.106179817215685091e-01
2.116249282504385765e-01
2.126627886743674423e-01
2.137390486363818509e-01
2.148602289828770995e-01
2.160317900502752853e-01
2.172581941316228116e-01
2.185431370106065974e-01
2.198899400960468986e-01
2.213020745071922202e-01
2.227837700479336491e-01
2.243406482279418079e-01
2.259803120350996619e-01
2.277128279080325446e-01
2.295510476434317049e-01
2.315107381403175013e-01
2.336105112885466240e-01
2.358715699561573786e-01
2.383173037096361080e-01
2.409727755183915798e-01
2.438641363849505250e-01
2.470179895237957501e-01
2.504607029150491826e-01
2.542176441034705858e-01
2.583122898849675164e-01
2.627651512060949490e-01
2.675924536874435544e-01
2.728045279737020823e-01
2.784038907961075004e-01
2.843830347977210349e-01
2.907219895733785253e-01
2.973857646415427047e-01
3.043218340963664281e-01
3.114578696015848358e-01
3.186999699881329917e-01
3.259316676625076403e-01
3.330140080129612712e-01
3.397869893813190711e-01
3.460726076080768987e-01
3.516796606223905886e-01
3.564103288156002525e-01
3.600683581080245665e-01
3.624684493628587134e-01
3.634462294346718636e-01
3.628679875553662004e-01
3.606392530763763982e-01
3.567113072377024463e-01
3.510848828949580946e-01
3.438106017405049286e-01
3.349860850866266393e-01
3.247500827703148074e-01
3.132743171983423114e-01
3.007539694022284826e-01
2.873978035555609933e-01
2.734188356709213452e-01
2.590262361223228393e-01
2.444188721035159828e-01
2.297806089762448600e-01
2.152772524541837484e-01
2.010548596063637949e-01
1.872390841635841463e-01
1.739352375731405553e-01
1.612288148540144406e-01
1.491863222458462979e-01
1.378563245500411538e-01
1.272706861456457672e-01
1.174460047122737744e-01
1.083852345968743802e-01
1.000794777069873853e-01
9.250989572134803163e-02
8.564967811340817860e-02
7.946599159021792980e-02
7.392183915162223173e-02
6.897776876296311810e-02
6.459338862278390936e-02
6.072866415355333142e-02
5.734498811891181741e-02
5.440602806657904994e-02
5.187836430489323192e-02
4.973193742959208102e-02
4.794032802514927583e-02
4.648089357121727716e-02
4.533478950644019567e-02
4.448690313084815301e-02
4.392573041725320038e-02
4.364322636068587724e-02
4.363465856350704636e-02
4.389849071924513402e-02
4.443631715954032835e-02
4.525286171063734597e-02
4.635604429191175074e-02
4.775710796547080750e-02
4.947078886685613019e-02
5.151550317169101972e-02
5.391352053759757706e-02
5.669109362230672494e-02
5.987851915665998864e-02
6.351011776951234755e-02
6.762413648920301279e-02
7.226259753799593732e-02
7.747113617508311068e-02
8.329888378026872875e-02
8.979845343550692249e-02
9.702606637520760913e-02
1.050418115791900697e-01
1.139099523025706717e-01
1.236990813387151833e-01
1.344817858220126727e-01
1.463333235396704624e-01
1.593286541919757549e-01
1.735370365347398691e-01
1.890133307929131312e-01
2.057851824783205053e-01
2.238354719256160086e-01
2.430798723854700749e-01
2.633401532166532166e-01
2.843150574273928255e-01
3.055521683944102396e-01
3.264260150110916969e-01
3.461293966217546259e-01
3.636859465095125254e-01
3.779915145202997206e-01
3.878892540825755186e-01
3.922778980546129390e-01
3.902448984652193698e-01
3.812072530412474181e-01
3.650353816234048754e-01
3.421323351908679422e-01
3.134444178401575298e-01
2.803907275968354207e-01
2.447162735076492679e-01
2.082917154478130251e-01
1.728966283118113789e-01
1.400276460486069574e-01
1.107660515623334896e-01
8.572349938373136080e-02
6.506495654254074168e-02
4.859098122670979514e-02
3.585190719269563259e-02
2.626590184299465447e-02
1.921945364411732984e-02
1.413888891868040135e-02
1.053117199579677553e-02
7.998962303067269283e-03
6.237927133216200973e-03
