2.344194995229248804e-02
2.373328930331260189e-02
2.401626263247806300e-02
2.429031533325053810e-02
2.455554989911322775e-02
2.481289565402249389e-02
2.506428650477985492e-02
2.531280085014791723e-02
2.556271193800557784e-02
2.581940288078960963e-02
2.608911780631901350e-02
2.637854604147261278e-02
2.669426482137337783e-02
2.704209255646036758e-02
2.742642508470294338e-02
2.784963925640445218e-02
2.831165070788498397e-02
2.880970525965320661e-02
2.933846513650867002e-02
2.989042106189072900e-02
3.045661930805250092e-02
3.102764225232940848e-02
3.159472974826823405e-02
3.215088854553726366e-02
3.269182087550612237e-02
3.321652001497319567e-02
3.372743061078050525e-02
3.423014523291164485e-02
3.473268890339780562e-02
3.524451124937903052e-02
3.577534695079367943e-02
3.633411333077900263e-02
3.692799214245522099e-02
3.756179969191531659e-02
3.823769624477320328e-02
3.895523194923462829e-02
3.971167972447663119e-02
4.050257106895890913e-02
4.132233231780688132e-02
4.216491861509104322e-02
4.302436036372662975e-02
4.389516844343882562e-02
4.477258302740332041e-02
4.565268742026933058e-02
4.653243441422619947e-02
4.740964246970875984e-02
4.828301125341435268e-02
4.915218405692808878e-02
5.001785530020158577e-02
5.088189321338694449e-02
5.174742872339345434e-02
5.261885672311648887e-02
5.350170658015529490e-02
5.440236224141033888e-02
5.532764281129612383e-02
5.628428481730747557e-02
5.727839080119123683e-02
5.831492064338310993e-02
5.939730011897574602e-02
6.052720624146416123e-02
6.170456372688844920e-02
6.292775554282541151e-02
6.419401787854990549e-02
6.549996107515797250e-02
6.684213781328397774e-02
6.821757183074868280e-02
6.962416645594536602e-02
7.106093168098849555e-02
7.252799817593455489e-02
7.402642131015729765e-02
7.555781166145358885e-02
7.712385478667407868e-02
7.872579792016029532e-02
8.036398283865754666e-02
8.203749299966540953e-02
8.374396202155254265e-02
8.547956390211419730e-02
8.723917795553992605e-02
8.901669791085195516e-02
9.080543853021907919e-02
9.259858638982204626e-02
9.438964407632666198e-02
9.617282708062020735e-02
9.794338685863301919e-02
9.969784810264772923e-02
1.014341598806603878e-01
1.031517668417950007e-01
1.048516077179180439e-01
1.065360451200922098e-01
1.082087256331982633e-01
1.098743654839355460e-01
1.115384573113401279e-01
1.132068994239543991e-01
1.148855603701410266e-01
1.165798068684532063e-01
1.182940388085112204e-01
1.200312869475686356e-01
1.217929329851714509e-01
1.235786048917092705e-01
1.253862816746791342e-01
1.272126126978099792e-01
1.290534213150009435e-01
1.309043270927009450e-01
1.327613923883272928e-01
1.346216841237376782e-01
1.364836447447302925e-01
1.383471887775202802e-01
1.402134804712927008e-01
1.420843977970577821e-01
1.439617405222146929e-01
1.458462867512687888e-01
1.477368359028841949e-01
1.496293914115537915e-01
1.515166308286221841e-01
1.533877841816674026e-01
1.552289953602069839e-01
1.570241800359515605e-01
1.587563236664565336e-01
1.604090933797374385e-01
1.619685788231154944e-01
1.634249406402335791e-01
1.647737403664130407e-01
1.660167566573000908e-01
1.671621574149768918e-01
1.682239856999029060e-01
1.692210138326764590e-01
1.701751072633202189e-01
1.711093023271829383e-01
1.720458304196429422e-01
1.730043133975623371e-01
1.740003161419606537e-01
1.750443820221111724e-01
1.761416073273908145e-01
1.772917428951670815e-01
1.784897542438897422e-01
1.797267315444850133e-01
1.809910204902954456e-01
1.822694441877802662e-01
1.835485014495347178e-01
1.848154530590389311e-01
1.860592382909785347e-01
1.872711929807613918e-01
1.884455630255340852e-01
1.895798211504965136e-01
1.906748006441886245e-01
1.917346603113263548e-01
1.927666938416751907e-01
1.937809974099642674e-01
1.947900132683994534e-01
1.958079740129736179e-01
1.968502801108661382e-01
1.979328495375581309e-01
1.990714808525337887e-01
2.002812689254959422e-01
2.015761065221897685e-01
2.029682968717141101e-01
2.044682942120769342e-01
2.060845825691287048e-01
2.078236979277263141e-01
2.096903946054021750e-01
2.116879514858848454e-01
2.138186063866282238e-01
2.160840966502392824e-01
2.184862717324916326e-01
2.210277309101398580e-01
2.237124286403222029e-01
2.265461837963542446e-01
2.295370283824189617e-01
2.326953366465680795e-01
2.360336859958173661e-01
2.395664154364705312e-01
2.433088641005268227e-01
2.472762908989934172e-01
2.514824961268100068e-01
2.559381868836785867e-01
2.606491502501455115e-01
2.656143204054240980e-01
2.708238464977399396e-01
2.762572843639727327e-01
2.818820438445638898e-01
2.876522211984797739e-01
2.935079306163800306e-01
2.993752194748386941e-01
3.051666107762532332e-01
3.107822681834556122e-01
3.161117319133857073e-01
3.210361367604326333e-01
3.254308053629729747e-01
3.291681159370374865e-01
3.321205736891664762e-01
3.341640612281926992e-01
3.351812907039780076e-01
3.350655098547538069e-01
3.337245067199114956e-01
3.310849008873245625e-01
3.270966022677943563e-01
3.217371766289242041e-01
3.150157109207313288e-01
3.069756614273848605e-01
2.976961351642191111e-01
2.872911292632504554e-01
2.759064411249860793e-01
2.637142417600016331e-01
2.509056271192774412e-01
2.376817624730870326e-01
2.242444490561677495e-01
2.107870246014653115e-01
1.974864449399077460e-01
1.844972008987541823e-01
1.719474481279180955e-01
1.599374248358922668e-01
1.485399587493436147e-01
1.378026602967868941e-01
1.277512839208994333e-01
1.183937134621027149e-01
1.097240757713686954e-01
1.017265860947526163e-01
9.437885446480635820e-02
8.765451193703339972e-02
8.152513140802811198e-02
7.596150800501573486e-02
7.093442249885979767e-02
6.641503722101980978e-02
6.237507170802569778e-02
5.878688243438980748e-02
5.562353694467413179e-02
5.285893659446876114e-02
5.046801106183635560e-02
4.842698583279045343e-02
4.671371184955135092e-02
4.530804278258586393e-02
4.419224690676481354e-02
4.335144408265117349e-02
4.277406133311387193e-02
4.245230163564721326e-02
4.238261973740679173e-02
4.256619685813704118e-02
4.300940421389463225e-02
4.372424421810863077e-02
4.472875810628332977e-02
4.604738884994773185e-02
4.771128726955936594e-02
4.975854593303834922e-02
5.223433913058041916e-02
5.519093853272555306e-02
5.868756495683772473e-02
6.279002977565657784e-02
6.757011765951756455e-02
7.310466695374985557e-02
7.947431365325237362e-02
8.676187434680086852e-02
9.505034337103804298e-02
1.044204580304270297e-01
1.149477325931547722e-01
1.266987728633590382e-01
1.397265667738149808e-01
1.540643277040643910e-01
1.697173890818287900e-01
1.866526688462560035e-01
2.047854046718972643e-01
2.239632636736580695e-01
2.439485891226885750e-01
2.644004530661135388e-01
2.848592604966939112e-01
3.047377279033557373e-01
3.233228609669772657e-01
3.397937164033530411e-01
3.532588558750695551e-01
3.628151795282937297e-01
3.676262114782751222e-01
3.670132680107970335e-01
3.605481487153114895e-01
3.481323594716244640e-01
3.300468429558230388e-01
3.069588345410412811e-01
2.798789607294838722e-01
2.500710009891541352e-01
2.189266421977777988e-01
1.878253146433369325e-01
1.580024441571581117e-01
1.304471210602117237e-01
1.058429688544631625e-01
8.455611706025417673e-02
6.666455196068296618e-02
5.201626315006493972e-02
4.030084909731168619e-02
3.112046422208013946e-02
2.404993212705208716e-02
1.868080625826202407e-02
1.464862729923050930e-02
1.164571174075240342e-02
