2.295884252055531080e-02
2.319845682987169491e-02
2.344668356728858705e-02
2.370494795806104768e-02
2.397409498527462712e-02
2.425416657228644454e-02
2.454429779870714867e-02
2.484276085064681533e-02
2.514716087238986000e-02
2.545476062311187448e-02
2.576288586368765537e-02
2.606934603451611585e-02
2.637279948846132580e-02
2.667300146274282843e-02
2.697089485972358619e-02
2.726853398177173787e-02
2.756886246344520189e-02
2.787539131085136832e-02
2.819183571363848007e-02
2.852176817621966676e-02
2.886833237822914941e-02
2.923404181094833160e-02
2.962066576696088457e-02
3.002918839410710639e-02
3.045981813669601870e-02
3.091202616201982681e-02
3.138460162593888214e-02
3.187572483277446855e-02
3.238307122662301835e-02
3.290396471960429364e-02
3.343559491796014443e-02
3.397529907179865777e-02
3.452088906230065674e-02
3.507098216312992678e-02
3.562527856958841443e-02
3.618472478856822605e-02
3.675151303063668717e-02
3.732889173273414712e-02
3.792079624863799181e-02
3.853134399365359952e-02
3.916426698954027924e-02
3.982237065405890702e-02
4.050710767861480377e-02
4.121834005061067452e-02
4.195433353305322993e-02
4.271199198037173295e-02
4.348729976767966299e-02
4.427590597936361533e-02
4.507376023432992096e-02
4.587770201224087435e-02
4.668591506605528768e-02
4.749818405076380173e-02
4.831592616915956345e-02
4.914200835870057710e-02
4.998039218558449071e-02
5.083566832777829808e-02
5.171254822985946187e-02
5.261537396816699103e-02
5.354769304649464184e-02
5.451192809701200376e-02
5.550915673507779424e-02
5.653900650180754273e-02
5.759966397929492526e-02
5.868799402937050630e-02
5.979976219102292601e-02
6.092994852112718768e-02
6.207313388864726250e-02
6.322393095847371469e-02
6.437742423084696908e-02
6.552957941344876580e-02
6.667758429808018361e-02
6.782009175741190998e-02
6.895734900183644878e-02
7.009121268383512737e-02
7.122506292610804313e-02
7.236363751755865714e-02
7.351280860459892541e-02
7.467931860722075432e-02
7.587048228574547193e-02
7.709385173698846128e-02
7.835683479607823132e-02
7.966625822597360462e-02
8.102787675285105795e-02
8.244584661701269412e-02
8.392220453669647917e-02
8.545641448517694860e-02
8.704505907019664812e-02
8.868175351813188667e-02
9.035734417718233047e-02
9.206041943054825427e-02
9.377811290425595858e-02
9.549712550445214887e-02
9.720484609998807091e-02
9.889042300438957711e-02
1.005456388724226546e-01
1.021654724523488184e-01
1.037482856448117552e-01
1.052956401643348888e-01
1.068118082062717716e-01
1.083030813375887164e-01
1.097769933673736487e-01
1.112415569647757091e-01
1.127045789348805199e-01
1.141730786024739014e-01
1.156528011349681612e-01
1.171478024151381553e-01
1.186600873676440238e-01
1.201893056500384638e-01
1.217325381402708934e-01
1.232842330049621626e-01
1.248363605637091422e-01
1.263788448630659700e-01
1.279002958784145882e-01
1.293890149057675132e-01
1.308341875486208339e-01
1.322271271713234275e-01
1.335623998650503075e-01
1.348386592558480646e-01
1.360590489735318265e-01
1.372310880187425086e-01
1.383660288828996443e-01
1.394777556220552495e-01
1.405813546160528948e-01
1.416915332804728478e-01
1.428210759208740910e-01
1.439795116391816288e-01
1.451721321135178155e-01
1.463994456249750331e-01
1.476570973431846345e-01
1.489362333470035105e-01
1.502242439910948246e-01
1.515057952225383475e-01
1.527640454174569451e-01
1.539819482473016587e-01
1.551435543982168930e-01
1.562352406315681008e-01
1.572468079610792324e-01
1.581723980165185839e-01
1.590111777372857915e-01
1.597677407122404802e-01
1.604521744646749126e-01
1.610797527022211628e-01
1.616702337384774701e-01
1.622467807310379317e-01
1.628345615513083211e-01
1.634591283690979002e-01
1.641447109113799152e-01
1.649125759573331351e-01
1.657796054252970719e-01
1.667572266980910656e-01
1.678507950577997343e-01
1.690594844182533030e-01
1.703766944086128610e-01
1.717909341031213510e-01
1.732870992556777845e-01
1.748480240814609399e-01
1.764561634367808884e-01
1.780952495044920147e-01
1.797517710958290160e-01
1.814161444692006797e-01
1.830834810531795365e-01
1.847539058427185854e-01
1.864324340736498720e-01
1.881284648995948938e-01
1.898549909036144900e-01
1.916276448343794125e-01
1.934637067515234676e-01
1.953811766932637417e-01
1.973979848042866636e-01
1.995313700540319313e-01
2.017974186962172567e-01
2.042107221124540295e-01
2.067840959897615793e-01
2.095283010763301923e-01
2.124517188850439664e-01
2.155599596821137776e-01
2.188554090655978057e-01
2.223367469123345708e-01
2.259984924924309801e-01
2.298306376636720660e-01
2.338184239770959294e-01
2.379422994685826964e-01
2.421780596479617409e-01
2.464971398039510209e-01
2.508669890590793927e-01
2.552514283466567613e-01
2.596108820184718780e-01
2.639023817649723269e-01
2.680792744964951013e-01
2.720906213079414826e-01
2.758803467837356860e-01
2.793862769388357759e-01
2.825392775117853139e-01
2.852627584611177602e-01
2.874728324268417956e-01
2.890793943438770830e-01
2.899883207131367380e-01
2.901048711373004907e-01
2.893382205235794369e-01
2.876068753989038940e-01
2.848445572945953463e-01
2.810059998809037451e-01
2.760720334098971107e-01
2.700533415630360090e-01
2.629923798239215404e-01
2.549631314024065620e-01
2.460686198693483873e-01
2.364363582679524789e-01
2.262121500623991144e-01
2.155528310339500098e-01
2.046186295864734495e-01
1.935658194009605704e-01
1.825402528813759584e-01
1.716722182775025918e-01
1.610728854738774363e-01
1.508324226293609738e-01
1.410197007583057494e-01
1.316833714245720932e-01
1.228540119787017160e-01
1.145469848894646592e-01
1.067656498845308832e-01
9.950459431026820178e-02
9.275260144984491528e-02
8.649515080482765572e-02
8.071633005700522279e-02
7.540012617057847977e-02
7.053114284306320758e-02
6.609485374636037136e-02
6.207753852401094730e-02
5.846605832945125231e-02
5.524761202941048943e-02
5.240958004607855492e-02
4.993951998498569189e-02
4.782533660585894242e-02
4.605561587172779525e-02
4.462009250815088257e-02
4.351021267092232414e-02
4.271975517708885561e-02
4.224548232199587527e-02
4.208780078076346937e-02
4.225142167840888197e-02
4.274601502803600239e-02
4.358685676540999948e-02
4.479546644416913803e-02
4.640023027640554493e-02
4.843699741214792936e-02
5.094962670685461437e-02
5.399044609575750359e-02
5.762056635796429516e-02
6.190996482570049197e-02
6.693722200166339620e-02
7.278875516463984008e-02
7.955734909405502708e-02
8.733973832465891096e-02
9.623295440332471640e-02
1.063291264653136031e-01
1.177084303246904717e-01
1.304299414520787570e-01
1.445202850750373913e-01
1.599602154782329422e-01
1.766696118093579737e-01
1.944918476675882857e-01
2.131790473441270706e-01
2.323803167427684613e-01
2.516355237113168664e-01
2.703774546642643273e-01
2.879450252482203543e-01
3.036095191551524963e-01
3.166144810817326793e-01
3.262279283393891838e-01
3.318031722490740187e-01
3.328421451507810325e-01
3.290532528492481346e-01
3.203950025489237241e-01
3.070974611824733302e-01
2.896561455291919440e-01
2.687969636600493484e-01
2.454155912309911314e-01
2.204991332620374056e-01
1.950410113776638865e-01
1.699609430966801393e-01
1.460404195393179283e-01
1.238806618732233716e-01
1.038855725066619162e-01
8.626781957126378186e-02
7.107287058890073006e-02
5.821407094748988487e-02
4.751178597326891767e-02
3.873081932861457966e-02
3.161220097073160623e-02
2.589742432083983262e-02
