2.321385677129383582e-02
2.340669743205426104e-02
2.361179246363220505e-02
2.383144668129636573e-02
2.406784766712256537e-02
2.432285451199854218e-02
2.459773127394398670e-02
2.489285586138915984e-02
2.520745447518452087e-02
2.553942466507095818e-02
2.588531174843726815e-02
2.624049047087195774e-02
2.659957541736867118e-02
2.695704230213786731e-02
2.730799452184604417e-02
2.764896572287055265e-02
2.797862184332549837e-02
2.829822541783250447e-02
2.861175500222729734e-02
2.892562875236300360e-02
2.924805076926144734e-02
2.958806517531563374e-02
2.995445129062888207e-02
3.035461558255140788e-02
3.079363202850219153e-02
3.127355766946838395e-02
3.179311175400487133e-02
3.234776087938325689e-02
3.293020256811978602e-02
3.353118867606337539e-02
3.414058244320329616e-02
3.474850623684652695e-02
3.534642006535432951e-02
3.592798089588186694e-02
3.648957108964948765e-02
3.703044438659753440e-02
3.755250651844529303e-02
3.805980860355136219e-02
3.855787128906232319e-02
3.905296896965571724e-02
3.955148710241746662e-02
4.005942910590180872e-02
4.058210372551053491e-02
4.112398060763833296e-02
4.168867044847007763e-02
4.227897191083864609e-02
4.289693148030504499e-02
4.354388120887200259e-02
4.422044618176176195e-02
4.492654013267315810e-02
4.566138583402934437e-02
4.642360093558037942e-02
4.721137788514620515e-02
4.802276096493548335e-02
4.885599085784072398e-02
4.970985659332956275e-02
5.058397552993693091e-02
5.147892119056705906e-02
5.239613877365925654e-02
5.333762608244235759e-02
5.430540575543086473e-02
5.530086269380785069e-02
5.632405816354742190e-02
5.737315126259470016e-02
5.844405496692602064e-02
5.953042729905625580e-02
6.062405124627880115e-02
6.171559592411644118e-02
6.279568499442396423e-02
6.385613766230981148e-02
6.489120471978090943e-02
6.589860744505490753e-02
6.688020630839670855e-02
6.784217776872072947e-02
6.879465167313930651e-02
6.975084402196485289e-02
7.072579381352754602e-02
7.173486513033097700e-02
7.279219967430874960e-02
7.390930073313196902e-02
7.509390253741507482e-02
7.634923702399494527e-02
7.767376068138188983e-02
7.906135313649104157e-02
8.050195039599612745e-02
8.198253235735868116e-02
8.348834976352455250e-02
8.500425406331485467e-02
8.651598818901018451e-02
8.801130881121400906e-02
8.948083979900717244e-02
9.091859749311878569e-02
9.232217342836965268e-02
9.369260102661840228e-02
9.503396276427296396e-02
9.635280991588038302e-02
9.765746858622993687e-02
9.895729698990572698e-02
1.002619450937418250e-01
1.015806538832875472e-01
1.029216210545712828e-01
1.042914539169139954e-01
1.056947276325258811e-01
1.071336652977662313e-01
1.086079534471458136e-01
1.101147010083473182e-01
1.116485417699715071e-01
1.132018716477128512e-01
1.147652046906462303e-01
1.163276276771759571e-01
1.178773327674297461e-01
1.194022096918546522e-01
1.208904806487256095e-01
1.223313594329809295e-01
1.237157094386623912e-01
1.250366635206982269e-01
1.262901554471006493e-01
1.274753029872718602e-01
1.285945820156585984e-01
1.296537430140089209e-01
1.306614462584756997e-01
1.316286261207173236e-01
1.325676316930358145e-01
1.334912228277749247e-01
1.344115214560689109e-01
1.353390245054214014e-01
1.362817771176943193e-01
1.372447861552871240e-01
1.382297283971362090e-01
1.392349793065199293e-01
1.402559594798744036e-01
1.412857681568889801e-01
1.423160470314981385e-01
1.433379938302646595e-01
1.443434255501856445e-01
1.453257789554474044e-01
1.462809346512900510e-01
1.472077639057282894e-01
1.481083254611489097e-01
1.489876808992528223e-01
1.498533465433986300e-01
1.507144499489060652e-01
1.515807015946581404e-01
1.524613203734267730e-01
1.533640602508183348e-01
1.542944734736206580e-01
1.552555144300682421e-01
1.562475417122266008e-01
1.572687200790337247e-01
1.583157662579957603e-01
1.593849310558103916e-01
1.604730731914996988e-01
1.615786643397442712e-01
1.627025738309704483e-01
1.638485147605500403e-01
1.650230856224702003e-01
1.662354037835844234e-01
1.674963880376144909e-01
1.688177967493395271e-01
1.702111584302997416e-01
1.716867400485439510e-01
1.732526862905241771e-01
1.749144347140131894e-01
1.766744729370640365e-01
1.785324602480635736e-01
1.804856919476207910e-01
1.825298440912357101e-01
1.846599023892143976e-01
1.868711551313012864e-01
1.891601194504225480e-01
1.915252757730230293e-01
1.939675080811125718e-01
1.964901861498739577e-01
1.990988755529561616e-01
2.018007144261095842e-01
2.046035436662314855e-01
2.075149106882951400e-01
2.105410796885568703e-01
2.136861710483161925e-01
2.169515210320690224e-01
2.203353064122303973e-01
2.238324261681739757e-01
2.274345842001394558e-01
2.311304824085863296e-01
2.349060189965242185e-01
2.387443946313482501e-01
2.426260564926961405e-01
2.465284503673529637e-01
2.504255945024261854e-01
2.542875265469302093e-01
2.580796996951597588e-01
2.617624133691515143e-01
2.652903593795341575e-01
2.686123521468295472e-01
2.716712985504604605e-01
2.744044556008112812e-01
2.767440252698443737e-01
2.786181434216485342e-01
2.799523268838519652e-01
2.806714390383920898e-01
2.807022093965459986e-01
2.799762895294386489e-01
2.784337466350166324e-01
2.760267964127012807e-01
2.727234773591896699e-01
2.685108936253877143e-01
2.633976278461317433e-01
2.574149663707154811e-01
2.506166907977829261e-01
2.430773580650399390e-01
2.348891870845397911e-01
2.261578542890608501e-01
2.169976355287290826e-01
2.075263907877017422e-01
1.978608627485123062e-01
1.881126617136907320e-01
1.783851646996497398e-01
1.687713997330747284e-01
1.593528494824813790e-01
1.501990138231303895e-01
1.413675280238084753e-01
1.329046382872016430e-01
1.248458761621411006e-01
1.172168301333670060e-01
1.100339692510542977e-01
1.033055171147209128e-01
9.703239831238143209e-02
9.120928325207232346e-02
8.582574562091954684e-02
8.086752622340726004e-02
7.631787451547351886e-02
7.215892011114696802e-02
6.837301416679744670e-02
6.494397627275665108e-02
6.185818652127473422e-02
5.910547436121167675e-02
5.667977485809579802e-02
5.457954758294475406e-02
5.280798104446449842e-02
5.137303259528700622e-02
5.028737540158555869e-02
4.956833573568678736e-02
4.923790229887579917e-02
4.932287382617278615e-02
4.985518411692092811e-02
5.087240935947154319e-02
5.241842632770705307e-02
5.454415573118642085e-02
5.730829425012167605e-02
6.077791035458284669e-02
6.502874965127955487e-02
7.014506152583449561e-02
7.621871805318115867e-02
8.334734978753967349e-02
9.163117754530807069e-02
1.011681875379703555e-01
1.120472990546037828e-01
1.243392354383117543e-01
1.380849599562785079e-01
1.532818058390455485e-01
1.698678306251042436e-01
1.877054520231986601e-01
2.065660321213595441e-01
2.261176781492720278e-01
2.459189820245979152e-01
2.654215547819114840e-01
2.839838539567911546e-01
3.008978341851616944e-01
3.154283691907749376e-01
3.268633522108833622e-01
3.345702064122199060e-01
3.380526770120974578e-01
3.370007097872836366e-01
3.313263197798321236e-01
3.211797650499368384e-01
3.069429090944983951e-01
2.891999381439678829e-01
2.686889590523870441e-01
2.462407667454235560e-01
2.227126972598670041e-01
1.989256978166927259e-01
1.756115940862736091e-01
1.533753511910555256e-01
1.326744295626128556e-01
1.138146953199714317e-01
9.696023204384812688e-02
8.215310482484482202e-02
6.933871589542989211e-02
5.839273852523101105e-02
4.914647399269862771e-02
4.140855992093266796e-02
