2.669440507656217765e-02
2.694721273536823669e-02
2.718210200029153728e-02
2.740121374729392878e-02
2.760740906687671192e-02
2.780399554649477106e-02
2.799446383654841108e-02
2.818226665373384926e-02
2.837065953172262719e-02
2.856260825760353200e-02
2.876075542882382957e-02
2.896743034432646205e-02
2.918468346452116405e-02
2.941432839690889464e-02
2.965797909889588899e-02
2.991707553459554622e-02
3.019289540086838794e-02
3.048655162356204637e-02
3.079897516490022816e-02
3.113088140541201213e-02
3.148271769550128191e-02
3.185459122155216705e-02
3.224618088352691758e-02
3.265664394825672223e-02
3.308453605007994486e-02
3.352776903668628489e-02
3.398363251371073340e-02
3.444889985916003983e-02
3.492002765133393055e-02
3.539344049655289426e-02
3.586587452743505294e-02
3.633473677917942873e-02
3.679842854789657641e-02
3.725658162954398334e-02
3.771016761828557828e-02
3.816146013189588432e-02
3.861385370583567817e-02
3.907156598323060365e-02
3.953926703832250783e-02
4.002168816766702580e-02
4.052326140425691753e-02
4.104783150691088123e-02
4.159846678320507085e-02
4.217737696298741457e-02
4.278592857326322246e-02
4.342473358088783791e-02
4.409377755246920300e-02
4.479255055909556194e-02
4.552014795215009180e-02
4.627531833759323393e-02
4.705645087354920486e-02
4.786151076775457119e-02
4.868794736928444555e-02
4.953261037246881743e-02
5.039171387632384452e-02
5.126088405872521181e-02
5.213531423790037506e-02
5.301003288294724863e-02
5.388026881304398830e-02
5.474187732949280238e-02
5.559177538835423371e-02
5.642832643521329683e-02
5.725161797289377713e-02
5.806358712122519639e-02
5.886796916467684077e-02
5.967006768556032403e-02
6.047636806450257946e-02
6.129403503257480068e-02
6.213034697214206425e-02
6.299212384756569527e-02
6.388520265228433970e-02
6.481400583968517648e-02
6.578123654243010765e-02
6.678772145078161471e-02
6.783240936828024981e-02
6.891252132674990927e-02
7.002383682816666621e-02
7.116109024853529974e-02
7.231844191960257184e-02
7.348998068251928750e-02
7.467021013053283529e-02
7.585447091414819487e-02
7.703925761666682859e-02
7.822240106274828964e-02
7.940310427218991163e-02
8.058183989016037829e-02
8.176013509121235479e-02
8.294028288388090309e-02
8.412502367540777848e-02
8.531723702452571889e-02
8.651967208561182898e-02
8.773472962742040471e-02
8.896429302352631963e-02
9.020959440774034555e-02
9.147109806511792562e-02
9.274838677096486350e-02
9.404004663561268962e-02
9.534355880203644606e-02
9.665521814887621799e-02
9.797010654146427744e-02
9.928214912193665531e-02
1.005842763935710094e-01
1.018687037569902948e-01
1.031273259351216387e-01
1.043522087595447900e-01
1.055361470244054606e-01
1.066732458534797867e-01
1.077594751223337893e-01
1.087931426680432967e-01
1.097752331526319208e-01
1.107095663836813321e-01
1.116027420742843473e-01
1.124638569073800470e-01
1.133040025039369347e-01
1.141355764468050399e-01
1.149714593119319367e-01
1.158241255236899109e-01
1.167047628112731078e-01
1.176224737261110792e-01
1.185836241349132597e-01
1.195913897013021476e-01
1.206455341026881206e-01
1.217424337251186983e-01
1.228753440112146378e-01
1.240348834902117170e-01
1.252096939826580768e-01
1.263872211645301891e-01
1.275545505051807471e-01
1.286992312369749092e-01
1.298100262210208633e-01
1.308775376375010402e-01
1.318946751372644111e-01
1.328569512510124340e-01
1.337626052339233595e-01
1.346125688305516988e-01
1.354102948988374910e-01
1.361614731290960167e-01
1.368736577885812933e-01
1.375558320583686600e-01
1.382179329397294210e-01
1.388703598019637719e-01
1.395234877516552119e-01
1.401872035613241918e-01
1.408704771133236222e-01
1.415809764576862195e-01
1.423247316834707343e-01
1.431058538693593674e-01
1.439263213800019425e-01
1.447858558077171620e-01
1.456819208634840546e-01
1.466098847415716611e-01
1.475633846648090608e-01
1.485349173786619514e-01
1.495166500926394804e-01
1.505014056412471712e-01
1.514837306264918970e-01
1.524609163858064442e-01
1.534338210119743084e-01
1.544073452311631733e-01
1.553904493089212080e-01
1.563956588179191975e-01
1.574380837740548544e-01
1.585340536117628985e-01
1.596995343314693838e-01
1.609485316662815635e-01
1.622916888279668235e-01
1.637352594561721497e-01
1.652805817032934055e-01
1.669241077517961136e-01
1.686579662082275943e-01
1.704709646416611990e-01
1.723498865899814325e-01
1.742809094175952755e-01
1.762509700499272081e-01
1.782489331777420138e-01
1.802664640310622512e-01
1.822985642157991804e-01
1.843437818285787178e-01
1.864041452493070961e-01
1.884848872968274414e-01
1.905940224735394040e-01
1.927418202126313929e-01
1.949401906121007721e-01
1.972019763156969419e-01
1.995401332719211052e-01
2.019667882617444399e-01
2.044921815438434654e-01
2.071235334522616989e-01
2.098639061614793744e-01
2.127111573077488660e-01
2.156570934268806361e-01
2.186869240888385524e-01
2.217790920154151801e-01
2.249055141485462039e-01
2.280322205209812103e-01
2.311203305076934555e-01
2.341272681617730944e-01
2.370080965029321696e-01
2.397168481046751398e-01
2.422077453702517758e-01
2.444362341026018182e-01
2.463597916318352454e-01
2.479385086265075422e-01
2.491354757372589990e-01
2.499170285940160996e-01
2.502529159741443410e-01
2.501164565491587610e-01
2.494847407990144483e-01
2.483389180130295970e-01
2.466645854278458061e-01
2.444522695509535881e-01
2.416979615594509467e-01
2.384036434905459911e-01
2.345777247359355222e-01
2.302353039427972869e-01
2.253981830349755522e-01
2.200945879082246426e-01
2.143585907969619286e-01
2.082292751105309925e-01
2.017497251997861785e-01
1.949659515440347046e-01
1.879258692470144598e-01
1.806784319946675710e-01
1.732729876070670250e-01
1.657588726649737720e-01
1.581852130577980353e-01
1.506008557798343972e-01
1.430543338274488097e-01
1.355937653691996758e-01
1.282666100604043791e-01
1.211192441268300751e-01
1.141963627740070486e-01
1.075402632980136663e-01
1.011900956537689911e-01
9.518118287447925596e-02
8.954450960079744781e-02
8.430645547688020436e-02
7.948881723389676635e-02
7.510912667308419777e-02
7.118123909131147953e-02
6.771614367489285635e-02
6.472293674599161051e-02
6.220989998093918311e-02
6.018563567908818274e-02
5.866022516069770848e-02
5.764638949969264764e-02
5.716064001694188407e-02
5.722440674909320263e-02
5.786512551179923830e-02
5.911724838506505347e-02
6.102311917231528771e-02
6.363362536547619019e-02
6.700850210053213574e-02
7.121612269437173348e-02
7.633256723583960179e-02
8.243972060816152914e-02
8.962212313270342956e-02
9.796229367145106726e-02
1.075342828126926581e-01
1.183953102910229038e-01
1.305755112848125954e-01
1.440660684828775073e-01
1.588063354052705878e-01
1.746709375165665379e-01
1.914582256579941411e-01
2.088817847012947038e-01
2.265668873033376274e-01
2.440537427362305944e-01
2.608090516420134009e-01
2.762467002383222070e-01
2.897574265742792754e-01
3.007460503752419911e-01
3.086735337947096869e-01
3.130999519051379520e-01
3.137236486944116054e-01
3.104116676982284218e-01
3.032171283575642029e-01
2.923805867057519547e-01
2.783144200265866841e-01
2.615715947816915077e-01
2.428023918800608361e-01
2.227043361704008906e-01
2.019713687140725633e-01
1.812480628789656933e-01
1.610935038386641649e-01
1.419576189329198046e-01
1.241706795621109194e-01
1.079448168773360361e-01
9.338502657823810615e-02
8.050644068860514369e-02
6.925460052798895760e-02
