2.471036308945075144e-02
2.489188674067325732e-02
2.509871369357758938e-02
2.533111356415080131e-02
2.558876200031963075e-02
2.587063779487895274e-02
2.617488186503751438e-02
2.649864879452612856e-02
2.683799433979954657e-02
2.718784849432067524e-02
2.754212061737936271e-02
2.789396910602541871e-02
2.823624337238828455e-02
2.856207337091143383e-02
2.886554736219595213e-02
2.914238993688497009e-02
2.939053780970742394e-02
2.961051644609856079e-02
2.980554727036067303e-02
2.998135810964550757e-02
3.014571879152425776e-02
3.030776766383510776e-02
3.047722338873442779e-02
3.066358472346042072e-02
3.087541004961607063e-02
3.111974373964470145e-02
3.140172581683334241e-02
3.172439211870019260e-02
3.208864949052525617e-02
3.249339681329272561e-02
3.293575779566415562e-02
3.341139350412220682e-02
3.391486859383265051e-02
3.444005183591765384e-02
3.498053589249712492e-02
3.553006151425495973e-02
3.608292720875379278e-02
3.663435859823644530e-02
3.718080533741394827e-02
3.772013138409228278e-02
3.825166967991467520e-02
3.877612599160490392e-02
3.929533718875492104e-02
3.981191252078341430e-02
4.032880704849773484e-02
4.084888903726979770e-02
4.137456431028107423e-02
4.190750947103539376e-02
4.244854461759886566e-02
4.299764917733811531e-02
4.355409769356254068e-02
4.411667182908087653e-02
4.468389530136635673e-02
4.525424221354008153e-02
4.582628527191157097e-02
4.639877433325241551e-02
4.697066086379345085e-02
4.754110284881260529e-02
4.810949157451496760e-02
4.867553390527830370e-02
4.923940281930908741e-02
4.980194065633474637e-02
5.036487197371105479e-02
5.093096464603710100e-02
5.150407525673908471e-02
5.208903011215196971e-02
5.269132354129001800e-02
5.331665342706065625e-02
5.397035084357672263e-02
5.465678741721392842e-02
5.537885452451254964e-02
5.613760060799736357e-02
5.693208860290166484e-02
5.775949963259462833e-02
5.861546843843972593e-02
5.949459771173381400e-02
6.039106931031217040e-02
6.129925543416087780e-02
6.221423487756828907e-02
6.313213802365587324e-02
6.405027570806418047e-02
6.496704546168399763e-02
6.588164693413448014e-02
6.679367002560503142e-02
6.770263970440605628e-02
6.860760826095264886e-02
6.950687861365920095e-02
7.039792263392478933e-02
7.127752878155346750e-02
7.214217696113052469e-02
7.298859963254152039e-02
7.381445202753568469e-02
7.461898678368347748e-02
7.540361526293681838e-02
7.617224362482528932e-02
7.693129765042179546e-02
7.768939351852971464e-02
7.845666533932750542e-02
7.924381473505374973e-02
8.006099327711067859e-02
8.091665734825143064e-02
8.181654282703966496e-02
8.276289367435789301e-02
8.375404702681350788e-02
8.478443273978533701e-02
8.584499338537512902e-02
8.692397780119773265e-02
8.800801388969914374e-02
8.908333085091804660e-02
9.013698289927135621e-02
9.115792923318717655e-02
9.213784882582273794e-02
9.307160986557361237e-02
9.395736533233310650e-02
9.479629918431245472e-02
9.559209292770896871e-02
9.635021293263018594e-02
9.707713102745067768e-02
9.777958457425793559e-02
9.846396045841306066e-02
9.913585540481036074e-02
9.979982896760608568e-02
1.004593316717804496e-01
1.011167646092142186e-01
1.017736124013321891e-01
1.024305909361638151e-01
1.030877643033296653e-01
1.037446088493674534e-01
1.044000308275211120e-01
1.050523707681037255e-01
1.056994453712500615e-01
1.063386808790360016e-01
1.069673780261597429e-01
1.075831193325106072e-01
1.081842903616354323e-01
1.087706465314990795e-01
1.093438263904929209e-01
1.099077000714712149e-01
1.104684533211929831e-01
1.110343429789565212e-01
1.116151130614757292e-01
1.122211211257840291e-01
1.128622798098589675e-01
1.135469570528698929e-01
1.142809928867820624e-01
1.150669783471997831e-01
1.159039054563630045e-01
1.167872428456996903e-01
1.177094284457377293e-01
1.186607090018460126e-01
1.196302060568680270e-01
1.206070579881464017e-01
1.215814830758839560e-01
1.225456302519034868e-01
1.234941277485891303e-01
1.244242962925695140e-01
1.253360509865414085e-01
1.262315629081133539e-01
1.271147789889842394e-01
1.279909031194848557e-01
1.288659243586207925e-01
1.297462459693113357e-01
1.306384308525899707e-01
1.315490443844236634e-01
1.324845525116015166e-01
1.334512257636287780e-01
1.344550089886671074e-01
1.355013385211153998e-01
1.365949165184937586e-01
1.377394783813240819e-01
1.389376060791219225e-01
1.401906427851965509e-01
1.414987509647279429e-01
1.428611293834027018e-01
1.442763702244150292e-01
1.457429035244573456e-01
1.472594506367215228e-01
1.488253978961153468e-01
1.504410093036424589e-01
1.521074219297814945e-01
1.538264049846428672e-01
1.555999055191596980e-01
1.574294420899519098e-01
1.593154352032750964e-01
1.612565754019440467e-01
1.632493252635201231e-01
1.652876322218201910e-01
1.673628991008758726e-01
1.694642237383276184e-01
1.715788833143295222e-01
1.736930075782022465e-01
1.757923616216257034e-01
1.778631455416840035e-01
1.798927164251275801e-01
1.818701475413234681e-01
1.837865592755733857e-01
1.856351838847858926e-01
1.874111583606368481e-01
1.891110725797463810e-01
1.907323292571519446e-01
1.922723940211375215e-01
1.937280251118201901e-01
1.950945711591679232e-01
1.963654124689752090e-01
1.975315984540231551e-01
1.985817052107707037e-01
1.995019077473404734e-01
2.002762361505513733e-01
2.008869682725244188e-01
2.013151057197238858e-01
2.015408850311805056e-01
2.015442895067968143e-01
2.013055449264386787e-01
2.008055993533527095e-01
2.000265987952770386e-01
1.989523737418313620e-01
1.975689457841158514e-01
1.958650502454137021e-01
1.938326534691746927e-01
1.914674266382606627e-01
1.887691263639240113e-01
1.857418296099558885e-01
1.823939790704319219e-01
1.787382150495743782e-01
1.747909989602020875e-01
1.705720672168393737e-01
1.661037862358950290e-01
1.614105024186913706e-01
1.565179890363813942e-01
1.514530807997423734e-01
1.462435561606695855e-01
1.409182809784075285e-01
1.355075731103472236e-01
1.300436965653148091e-01
1.245613574895474834e-01
1.190980617620501919e-01
1.136942100763465857e-01
1.083928495621805238e-01
1.032390633545914038e-01
9.827904837177053876e-02
9.355899251912186410e-02
8.912390314383342171e-02
8.501655145398991087e-02
8.127668210010813299e-02
7.794059878054726553e-02
7.504118529590796116e-02
7.260836776838935913e-02
7.066997682012028659e-02
6.925293376292361580e-02
6.838466343541999004e-02
6.809462572070891506e-02
6.841585313936798807e-02
6.938637758321014593e-02
7.105042015378641718e-02
7.345920076442276347e-02
7.667119769459104783e-02
8.075165386369539955e-02
8.577109228982816858e-02
9.180257854412197938e-02
9.891746816601663939e-02
1.071794209500596395e-01
1.166365719954987473e-01
1.273119380528402456e-01
1.391924128166776298e-01
1.522170530086488505e-01
1.662657387690731625e-01
1.811496393353921042e-01
1.966051394103909555e-01
2.122928907078156235e-01
2.278033772582756800e-01
2.426698028211119740e-01
2.563882739440787040e-01
2.684442819405455927e-01
2.783435473040883901e-01
2.856445535757661247e-01
2.899896992486162284e-01
2.911320000586667400e-01
2.889546641910588076e-01
2.834815598150441374e-01
2.748774860736502013e-01
2.634381332574414758e-01
2.495705822895273041e-01
2.337660742196733532e-01
2.165675109467013193e-01
1.985346578466831158e-01
1.802102317518347319e-01
1.620899112218593119e-01
1.445987800946307023e-01
1.280758585962821217e-01
1.127673139046402456e-01
9.882785503064456245e-02
