2.671566172248378973e-02
2.689391083059431212e-02
2.709143105178211941e-02
2.730750576839097166e-02
2.754052715604499851e-02
2.778816114694023648e-02
2.804758433370777015e-02
2.831577481024327714e-02
2.858982754275963059e-02
2.886725650476274635e-02
2.914624290168197490e-02
2.942579296985135123e-02
2.970578029123177588e-02
2.998686486224928088e-02
3.027030130392735496e-02
3.055766770676015751e-02
3.085056077741258132e-02
3.115030921200358585e-02
3.145775411796699478e-02
3.177313318026141198e-02
3.209608612848182524e-02
3.242577624937635628e-02
3.276110037697990002e-02
3.310094234100686983e-02
3.344441601118232354e-02
3.379104609869076903e-02
3.414084781238643090e-02
3.449428789655675093e-02
3.485213503524414724e-02
3.521523164221176949e-02
3.558423657420951153e-02
3.595939576286652506e-02
3.634039381549355324e-02
3.672632518668435264e-02
3.711580129305091375e-02
3.750718386731000109e-02
3.789890945572027547e-02
3.828984978748627144e-02
3.867964168464327335e-02
3.906892079361999615e-02
3.945940626336380541e-02
3.985380676572612690e-02
4.025554796183585665e-02
4.066835227306196676e-02
4.109572802886578974e-02
4.154044217922131521e-02
4.200405610202137541e-02
4.248659707994758422e-02
4.298642013524187760e-02
4.350028884841224824e-02
4.402367319050379257e-02
4.455123142372125616e-02
4.507741610214053424e-02
4.559712517645152230e-02
4.610631128423130221e-02
4.660246697131268517e-02
4.708492023122944070e-02
4.755490070060773566e-02
4.801536796738647972e-02
4.847062506650003100e-02
4.892576811152388877e-02
4.938604396408285274e-02
4.985619994158690949e-02
5.033991190927694648e-02
5.083936947665325390e-02
5.135507965883137627e-02
5.188592405678327246e-02
5.242947111424425821e-02
5.298250759375379426e-02
5.354171714108554858e-02
5.410440513208009811e-02
5.466915450138514626e-02
5.523630173365610269e-02
5.580814677439676491e-02
5.638885174676944168e-02
5.698403336099868571e-02
5.760010295524266299e-02
5.824344698426623529e-02
5.891956320265997332e-02
5.963227157193503464e-02
6.038310557423878094e-02
6.117096302645251560e-02
6.199206038423390325e-02
6.284019546923563793e-02
6.370728470252177977e-02
6.458410630381249129e-02
6.546115464941930362e-02
6.632949707333579692e-02
6.718152587173605028e-02
6.801151601419870574e-02
6.881593089948789821e-02
6.959345907331879189e-02
7.034480656870019388e-02
7.107230438891741497e-02
7.177941213802284393e-02
7.247020357196057305e-02
7.314890837813545210e-02
7.381956073569674592e-02
7.448577538273228049e-02
7.515064292294203196e-02
7.581671395334259322e-02
7.648603017828788098e-02
7.716016110632036018e-02
7.784021553630378343e-02
7.852681400680572299e-02
7.922002682926418404e-02
7.991929758620580637e-02
8.062338070298173676e-02
8.133032251256477885e-02
8.203750876988839813e-02
8.274179003026642387e-02
8.343968264267563606e-02
8.412763020279767634e-02
8.480230032042798682e-02
8.546088561011251639e-02
8.610137606350523609e-02
8.672277189351207394e-02
8.732521078880871312e-02
8.790999060285019373e-02
8.847947736990897927e-02
8.903689888494448201e-02
8.958603552304385265e-02
9.013083182437685303e-02
9.067496353967330336e-02
9.122140389412156103e-02
9.177203825931751213e-02
9.232737689724528074e-02
9.288641009516578062e-02
9.344663862191658621e-02
9.400429550401745438e-02
9.455475390048602435e-02
9.509309236891376471e-02
9.561476580121679170e-02
9.611631104440628015e-02
9.659600412806208791e-02
9.705438401176383345e-02
9.749456747935580925e-02
9.792230092876529068e-02
9.834572479489533947e-02
9.877486075484646910e-02
9.922086527353983498e-02
9.969512030818536430e-02
1.002082494202909957e-01
1.007691536257925013e-01
1.013841566968532865e-01
1.020563365112364257e-01
1.027851002388079221e-01
1.035660392289199233e-01
1.043910762767652767e-01
1.052488946845959727e-01
1.061256161222279143e-01
1.070056739348564379e-01
1.078728120542951918e-01
1.087111293477444618e-01
1.095060872988040529e-01
1.102454065954161511e-01
1.109197949423332413e-01
1.115234715200341814e-01
1.120544785037889401e-01
1.125147917690192817e-01
1.129102569500807923e-01
1.132503811179981779e-01
1.135480050801930124e-01
1.138188699545730487e-01
1.140810791871868651e-01
1.143544486978891328e-01
1.146597371590038633e-01
1.150177570075342909e-01
1.154483835438007699e-01
1.159695011710035750e-01
1.165959481579922630e-01
1.173385398658275680e-01
1.182032614611706473e-01
1.191907220660312627e-01
1.202959514343714814e-01
1.215085970131777049e-01
1.228135443090113410e-01
1.241919392616604306e-01
1.256225425109751548e-01
1.270832990494601966e-01
1.285529713048602918e-01
1.300126673892625651e-01
1.314471045244980096e-01
1.328454810380727269e-01
1.342018835309928271e-01
1.355152186748491139e-01
1.367887191775477851e-01
1.380291195541608340e-01
1.392456224909824070e-01
1.404487796402122124e-01
1.416493959033948147e-01
1.428575413560835561e-01
1.440817282640104169e-01
1.453282884824370902e-01
1.466009716205712854e-01
1.479007754832811772e-01
1.492260133985154891e-01
1.505726131381152355e-01
1.519346256646964821e-01
1.533048985464105229e-01
1.546758422549291412e-01
1.560401947376473253e-01
1.573916789500001967e-01
1.587254560971899375e-01
1.600383063016541096e-01
1.613285142648097914e-01
1.625954904251919464e-01
1.638392050266721800e-01
1.650595408912644835e-01
1.662556726441431765e-01
1.674255551537526809e-01
1.685655594907526367e-01
1.696702443752727829e-01
1.707322108243773673e-01
1.717419711283580952e-01
1.726877772936325495e-01
1.735553962700777386e-01
1.743278777972679938e-01
1.749854170607840487e-01
1.755054483673821608e-01
1.758631017818675091e-01
1.760321056542694385e-01
1.759861303012816569e-01
1.757004603257129594e-01
1.751537824096282558e-01
1.743298110080588603e-01
1.732184686933097295e-01
1.718163992158155962e-01
1.701267097317922528e-01
1.681579876624985370e-01
1.659227815995057143e-01
1.634358400605339656e-01
1.607124432941170189e-01
1.577671351342201100e-01
1.546130745170077869e-01
1.512621024048086960e-01
1.477254874185549016e-01
1.440151985650980904e-01
1.401454752584454233e-01
1.361344330272865055e-01
1.320054576451292205e-01
1.277881923139577713e-01
1.235189978820994405e-01
1.192408489336434230e-01
1.150027047595689883e-01
1.108584539422496351e-01
1.068655702327678120e-01
1.030836359463938035e-01
9.957289034464607280e-02
9.639294805688700118e-02
9.360180927486243252e-02
9.125525086324146051e-02
8.940664692626285048e-02
8.810722064193923786e-02
8.740667933108434151e-02
8.735413551352982919e-02
8.799917153295631900e-02
8.939286619393661815e-02
9.158856890362784831e-02
9.464217906353659948e-02
9.861166555930994670e-02
1.035555457746688141e-01
1.095300434110709070e-01
1.165846736655184318e-01
1.247560826857451871e-01
1.340601172974013600e-01
1.444823373686325851e-01
1.559675084458005401e-01
1.684090020456494308e-01
1.816394266468280561e-01
1.954241215113775298e-01
2.094592554341526414e-01
2.233760796636569401e-01
2.367523324699417064e-01
2.491309094137547642e-01
2.600448247620270603e-01
2.690464042003364864e-01
2.757378063913305533e-01
2.797995711141498254e-01
2.810140326549357970e-01
2.792810847890647707e-01
2.746247874252228938e-01
2.671904502038112694e-01
2.572329035083457671e-01
2.450975180796667319e-01
2.311960872441151393e-01
2.159799395957816004e-01
1.999126473657751313e-01
1.834444915511993512e-01
1.669904867022520001e-01
1.509132932562054774e-01
