2.580512840848039544e-02
2.594449453023975685e-02
2.608947867270337839e-02
2.624420680123750946e-02
2.641183241044598590e-02
2.659424401024875970e-02
2.679188818943127604e-02
2.700372933148122156e-02
2.722735437800729782e-02
2.745921526665482532e-02
2.769498485336585603e-02
2.792998721969997683e-02
2.815965349899963999e-02
2.837995227681361712e-02
2.858775010118075333e-02
2.878107129712540249e-02
2.895924368533019447e-02
2.912293349070990689e-02
2.927408467926109065e-02
2.941578298270319802e-02
2.955206324968058171e-02
2.968767300837623496e-02
2.982779890708265463e-02
2.997775945260161903e-02
3.014266920549469805e-02
3.032708631747626019e-02
3.053466512318046833e-02
3.076784533494968804e-02
3.102761586020143930e-02
3.131339155526613460e-02
3.162303370595540009e-02
3.195302957202000860e-02
3.229882455009721459e-02
3.265527571157298553e-02
3.301717238100271290e-02
3.337975338698283972e-02
3.373914633588673967e-02
3.409266427370496316e-02
3.443891864809146136e-02
3.477774024661594438e-02
3.510993483216308386e-02
3.543692980958484950e-02
3.576038603431004603e-02
3.608185129605863406e-02
3.640251907202576159e-02
3.672313101768746868e-02
3.704402975526287223e-02
3.736533628917311500e-02
3.768720016864338801e-02
3.801005546970535193e-02
3.833481475349084788e-02
3.866294649545843481e-02
3.899640620005156294e-02
3.933742224747612676e-02
3.968816805383987983e-02
4.005037635818143454e-02
4.042496508344885914e-02
4.081174532004379352e-02
4.120927091213310439e-02
4.161486800815245718e-02
4.202485502612225005e-02
4.243493274880952987e-02
4.284069514516759825e-02
4.323818866974366015e-02
4.362443555317415539e-02
4.399783808107069621e-02
4.435839695025545898e-02
4.470770545037752036e-02
4.504871754539711143e-02
4.538532514006581725e-02
4.572181087566137142e-02
4.606226213162984556e-02
4.641003659105630286e-02
4.676735981236342793e-02
4.713511329437638370e-02
4.751284166929441166e-02
4.789897469882901243e-02
4.829122841871014843e-02
4.868712429805938102e-02
4.908454900427997036e-02
4.948227239636578817e-02
4.988034819702465150e-02
5.028033908012619763e-02
5.068533264102349778e-02
5.109974277072517473e-02
5.152891797191748446e-02
5.197860045536602247e-02
5.245429510928509287e-02
5.296061490365540358e-02
5.350066961919450886e-02
5.407555946428688198e-02
5.468402583948556162e-02
5.532229953111932746e-02
5.598417257831900251e-02
5.666130390423169266e-02
5.734375014367995571e-02
5.802069180080087624e-02
5.868130171589510530e-02
5.931568003013671514e-02
5.991576115880920678e-02
6.047608846002267696e-02
6.099435585492025275e-02
6.147163536161255604e-02
6.191224485949216316e-02
6.232325703931636263e-02
6.271370077041459046e-02
6.309355086943485569e-02
6.347263316682383305e-02
6.385958342010850108e-02
6.426098953764448896e-02
6.468081901747538276e-02
6.512019241581602780e-02
6.557751537136417841e-02
6.604893296260058722e-02
6.652902753691632143e-02
6.701165060349224822e-02
6.749076567401389448e-02
6.796118460985788035e-02
6.841910442600195041e-02
6.886239026387210027e-02
6.929059588636089784e-02
6.970475653723071097e-02
7.010702198829112108e-02
7.050021445167052592e-02
7.088739508736928430e-02
7.127150639807082466e-02
7.165513117420017897e-02
7.204037854803728436e-02
7.242888062503358149e-02
7.282186402772194977e-02
7.322025212508456726e-02
7.362475580475817682e-02
7.403592125537854229e-02
7.445411880290186968e-02
7.487947338814156251e-02
7.531175132513261150e-02
7.575022734124155221e-02
7.619355989921186567e-02
7.663970208707970855e-02
7.708587133281986914e-02
7.752859530923740528e-02
7.796384458403991802e-02
7.838725504240080799e-02
7.879443450122981807e-02
7.918133782330843973e-02
7.954468337652056964e-02
7.988237207524095940e-02
8.019386082560689410e-02
8.048043798185475217e-02
8.074535215935549348e-02
8.099375883900337969e-02
8.123247083348066055e-02
8.146952566153153885e-02
8.171361019724784902e-02
8.197340512633982668e-02
8.225692425152789089e-02
8.257092424915946083e-02
8.292044949080094873e-02
8.330855678464757497e-02
8.373624057241414731e-02
8.420255468682380506e-02
8.470490585832916863e-02
8.523947890125395388e-02
8.580174443144349128e-02
8.638699631284854630e-02
8.699086643203580993e-02
8.760976763381780885e-02
8.824122120466487695e-02
8.888403351862483870e-02
8.953829825896332528e-02
9.020521673631047566e-02
9.088674904081865680e-02
9.158513143003237100e-02
9.230231732691046576e-02
9.303941650700146837e-02
9.379621540481564157e-02
9.457085790447274098e-02
9.535974931240352725e-02
9.615771762358177321e-02
9.695842929815176592e-02
9.775501720461696187e-02
9.854084298448123613e-02
9.931029160791202126e-02
1.000594875223721203e-01
1.007868318162922355e-01
1.014932867506109226e-01
1.021823727544349386e-01
1.028598859793241616e-01
1.035333836334374480e-01
1.042115128835002097e-01
1.049032733229469105e-01
1.056173024254792175e-01
1.063612604290522096e-01
1.071413697542755311e-01
1.079621386944427525e-01
1.088262733970443569e-01
1.097347587026480942e-01
1.106870689199972585e-01
1.116814553382592390e-01
1.127152494082105244e-01
1.137851203418491913e-01
1.148872344588670602e-01
1.160172812306161511e-01
1.171703564876169640e-01
1.183407237004773932e-01
1.195215049436014337e-01
1.207043783813877419e-01
1.218793731779093392e-01
1.230348511929975353e-01
1.241577456577244443e-01
1.252340913589651272e-01
1.262498332543460777e-01
1.271918484230976643e-01
1.280490692215045523e-01
1.288135629043870023e-01
1.294814121818933239e-01
1.300532555879149732e-01
1.305343844283572141e-01
1.309343478742702183e-01
1.312660796469289348e-01
1.315446181985417407e-01
1.317855387325185812e-01
1.320032449423108045e-01
1.322092801974673604e-01
1.324108144396414499e-01
1.326094479895179590e-01
1.328004500199831128e-01
1.329725191461940403e-01
1.331081161949445868e-01
1.331843738447284764e-01
1.331745347125873336e-01
1.330498117986562423e-01
1.327815100909657819e-01
1.323432059749850287e-01
1.317127631360864026e-01
1.308739783029742310e-01
1.298176993448277305e-01
1.285423351788834156e-01
1.270537670365513572e-01
1.253647549757667956e-01
1.234939943779435056e-01
1.214650031881304715e-01
1.193050099960233229e-01
1.170439732655354642e-01
1.147138070285801670e-01
1.123478337915010811e-01
1.099804439725093341e-01
1.076469195796409400e-01
1.053833778362413542e-01
1.032268022584429679e-01
1.012151456576075165e-01
9.938750339306469395e-02
9.778436049493725857e-02
9.644791153891776880e-02
9.542243943230775682e-02
9.475472249100447275e-02
9.449442206917343934e-02
9.469438737353694235e-02
9.541079926357957930e-02
9.670305829128227060e-02
9.863330140595580331e-02
1.012654062984200687e-01
1.046633161350385005e-01
1.088884994397475853e-01
1.139963637428942633e-01
1.200314833656229013e-01
1.270215960540438116e-01
1.349704786633162124e-01
1.438500260496606564e-01
1.535921119263472523e-01
1.640810714069179943e-01
1.751478642559106957e-01
1.865671005807079397e-01
1.980580850632683299e-01
2.092908242570958310e-01
2.198975303899933786e-01
2.294895622844346506e-01
2.376790228711227748e-01
2.441034730889771742e-01
2.484515446883459877e-01
2.504867773589151136e-01
2.500668972674546242e-01
2.471560785059780385e-01
2.418284901253165697e-01
2.342625326934104912e-01
2.247264200505438292e-01
2.135569221421917407e-01
2.011339227268706398e-01
1.878538066176452248e-01
1.741045377121412663e-01
1.602447047577099104e-01
