3.423097865092282477e-02
3.453648464069923596e-02
3.485718233301242364e-02
3.519214350147134573e-02
3.553885977489239928e-02
3.589284368001336573e-02
3.624752907299325089e-02
3.659455908158466830e-02
3.692448341864389832e-02
3.722780830484440778e-02
3.749626498658610585e-02
3.772410348830700089e-02
3.790919266068058097e-02
3.805372577638430065e-02
3.816439222624742195e-02
3.825196736202820386e-02
3.833037225637123818e-02
3.841533930625866400e-02
3.852287062310696258e-02
3.866768792424571388e-02
3.886185076893852730e-02
3.911367748772089786e-02
3.942705419340501727e-02
3.980117188987521148e-02
4.023069365864233998e-02
4.070632174978239259e-02
4.121570471757448478e-02
4.174459567623911571e-02
4.227814618358892440e-02
4.280220165250974568e-02
4.330446031802724638e-02
4.377537344130386088e-02
4.420869967612612444e-02
4.460167584678337294e-02
4.495482015438400508e-02
4.527143135441283328e-02
4.555688028007173762e-02
4.581780415547438007e-02
4.606131010607939641e-02
4.629427627090260816e-02
4.652281259390808610e-02
4.675191407138473698e-02
4.698531100899112911e-02
4.722549631513622143e-02
4.747389065087264520e-02
4.773109354375471708e-02
4.799716334161997777e-02
4.827187177681816627e-02
4.855488977810261397e-02
4.884587860345808441e-02
4.914448159859286652e-02
4.945023314317646690e-02
4.976241866613698855e-02
5.007992978141570517e-02
5.040115990908843047e-02
5.072397831204517038e-02
5.104580604704381935e-02
5.136379877328886567e-02
5.167512201747593431e-02
5.197728755580681426e-02
5.226850763822268181e-02
5.254801855253554005e-02
5.281632715041988807e-02
5.307534295486513592e-02
5.332837279342497738e-02
5.357997214757146548e-02
5.383566469747685934e-02
5.410155606223469166e-02
5.438387733407940017e-02
5.468849767150179425e-02
5.502044330878622796e-02
5.538345445518766397e-02
5.577960405962918700e-02
5.620899574670972648e-02
5.666955418342450174e-02
5.715692031672772733e-02
5.766446551870924725e-02
5.818344064623434675e-02
5.870327565874052661e-02
5.921204020072096119e-02
5.969706395718591546e-02
6.014569788878144918e-02
6.054617590450261239e-02
6.088851505806168463e-02
6.116537565913738456e-02
6.137279502268963571e-02
6.151071255470948879e-02
6.158321973384502795e-02
6.159849411673268965e-02
6.156840780644669969e-02
6.150783318496116231e-02
6.143369779271078829e-02
6.136386287639607195e-02
6.131591466711679150e-02
6.130596366700411665e-02
6.134754591244803712e-02
6.145071260651641110e-02
6.162138181178316437e-02
6.186100864915120706e-02
6.216660858034137038e-02
6.253114150215896561e-02
6.294423274548179015e-02
6.339317240960488931e-02
6.386410075040503675e-02
6.434326053907932219e-02
6.481818399520100638e-02
6.527868708804283882e-02
6.571756898879776987e-02
6.613095570308381854e-02
6.651827661805634340e-02
6.688191097087622938e-02
6.722657902039511080e-02
6.755857424029564073e-02
6.788493690222728583e-02
6.821265881936590392e-02
6.854798912420419221e-02
6.889588765833859485e-02
6.925965067914367779e-02
6.964071600270010931e-02
7.003864220716930766e-02
7.045124831701633783e-02
7.087489480123274066e-02
7.130488194629165666e-02
7.173593639991178439e-02
7.216275052916039379e-02
7.258053287362754846e-02
7.298552301739869019e-02
7.337542276195092861e-02
7.374969946835266410e-02
7.410972780596047915e-02
7.445875232738391469e-02
7.480167308076313137e-02
7.514467649192645149e-02
7.549475038055900034e-02
7.585913243121020222e-02
7.624474458218073736e-02
7.665766235380541693e-02
7.710266027497232610e-02
7.758286496463362436e-02
7.809953826521240372e-02
7.865200505164197942e-02
7.923773346775972448e-02
7.985256786143125896e-02
8.049110491491599795e-02
8.114719051571761543e-02
8.181449946307524368e-02
8.248714461947512233e-02
8.316025039471579283e-02
8.383042157828166085e-02
8.449604553628908832e-02
8.515738441733386455e-02
8.581644214436881524e-02
8.647662385376014837e-02
8.714223676715548983e-02
8.781790495031718824e-02
8.850798132044837563e-02
8.921603661622158621e-02
8.994448795492751558e-02
9.069440292661065661e-02
9.146548456413272632e-02
9.225621411970660879e-02
9.306410762641680046e-02
9.388603192247428619e-02
9.471852660846817595e-02
9.555808800402490477e-02
9.640138536795515856e-02
9.724539377344826319e-02
9.808743856506992043e-02
9.892515209921348696e-02
9.975634596308992352e-02
1.005788044148700072e-01
1.013900109675332090e-01
1.021868318425786237e-01
1.029651965250268503e-01
1.037198327481685528e-01
1.044441245733813972e-01
1.051301611237269312e-01
1.057690252740722536e-01
1.063513354905271796e-01
1.068680044661309697e-01
1.073111245469887121e-01
1.076748447225283900e-01
1.079560799401961674e-01
1.081549001231339596e-01
1.082744864436781945e-01
1.083206109903745301e-01
1.083006805032286635e-01
1.082224685702906086e-01
1.080927267411306569e-01
1.079159005064281723e-01
1.076931744817063719e-01
1.074220327098857480e-01
1.070964508093889545e-01
1.067077469153028535e-01
1.062460208798204492e-01
1.057020205256751499e-01
1.050692047009284258e-01
1.043457384382016212e-01
1.035361637880555102e-01
1.026525411411796790e-01
1.017149410316210562e-01
1.007512684407672887e-01
9.979649950526831015e-02
9.889148505554001822e-02
9.808151425379392496e-02
9.741483196009095846e-02
9.694127141274766490e-02
9.671111108115580668e-02
9.677420421288106256e-02
9.717937246770426418e-02
9.797400772246436795e-02
9.920379096477094372e-02
1.009124134467097450e-01
1.031411709677110544e-01
1.059282957481811893e-01
1.093078918627170548e-01
1.133083516958188902e-01
1.179501563044280943e-01
1.232430069206518625e-01
1.291823027717565187e-01
1.357450743800650561e-01
1.428855996145446117e-01
1.505310637580660471e-01
1.585777590288674488e-01
1.668884305250332156e-01
1.752914367259664208e-01
1.835823749833332130e-01
1.915287020988657163e-01
1.988776442530897637e-01
2.053673433065361931e-01
2.107407540259222112e-01
2.147613403631153661e-01
2.172291935901041748e-01
2.179959012510816752e-01
2.169764216313262439e-01
2.141564242400547102e-01
2.095940491945584572e-01
2.034157537441656227e-01
1.958067233172637034e-01
1.869970620204192135e-01
1.772454884369512873e-01
1.668224490344178690e-01
1.559944110198123179e-01
1.450106802173708187e-01
1.340935327913553021e-01
1.234318885251653453e-01
1.131782954485579251e-01
1.034486975841005796e-01
9.432432399715652560e-02
8.585503514604207742e-02
7.806354225274289571e-02
7.095002985192913614e-02
6.449682711150195313e-02
5.867287254884603204e-02
5.343779510820353268e-02
4.874549534657793975e-02
4.454715902308164360e-02
4.079367603428449979e-02
3.743747268224584951e-02
3.443379526923226464e-02
3.174150755469835883e-02
2.932348283938008074e-02
2.714668240895084378e-02
2.518201495333517725e-02
2.340406600702213749e-02
2.179077292811087974e-02
2.032310113940927199e-02
1.898475418922366750e-02
1.776192735321833333e-02
1.664309576139330615e-02
1.561881637349152828e-02
1.468151999119077754e-02
1.382527440711890480e-02
1.304551041679015595e-02
1.233871516021746613e-02
1.170210823608039581e-02
1.113332220320619771e-02
1.063010912437450592e-02
1.019008939958001951e-02
9.810550589540461067e-03
9.488295297246608292e-03
9.219531245716783285e-03
8.999795236747019228e-03
8.823906122452335882e-03
8.685949375082147733e-03
8.579305295422331307e-03
8.496741475848610878e-03
8.430594369771039764e-03
8.373061216762510070e-03
8.316609604360130498e-03
8.254487509251126967e-03
