3.150154056864177404e-02
3.169029079482106603e-02
3.186228107965782819e-02
3.201813094243218666e-02
3.215970759067596219e-02
3.229006565478321350e-02
3.241324703329212520e-02
3.253395491244065463e-02
3.265713520811273918e-02
3.278751311200712310e-02
3.292913970755411562e-02
3.308500286771406257e-02
3.325674842060405423e-02
3.344454347620946788e-02
3.364709599401616985e-02
3.386182545253223902e-02
3.408516117930730782e-02
3.431292979200781246e-02
3.454078340331057095e-02
3.476461739927372979e-02
3.498093141721939081e-02
3.518709895932357890e-02
3.538152771321809859e-02
3.556371077478289594e-02
3.573418485129307293e-02
3.589442201467687998e-02
3.604668493514597699e-02
3.619387183140647390e-02
3.633936838494939564e-02
3.648691244022705255e-02
3.664046658883660101e-02
3.680408634426880765e-02
3.698176911807974504e-02
3.717727188957865164e-02
3.739389244354467123e-02
3.763421867979421104e-02
3.789986082530621275e-02
3.819119059132956850e-02
3.850711800194529799e-02
3.884493982438452786e-02
3.920029267158943453e-02
3.956723858329134341e-02
3.993850108591732312e-02
4.030585556872358366e-02
4.066066005628272279e-02
4.099449272071353789e-02
4.129984334426538978e-02
4.157079075902585935e-02
4.180359056524000222e-02
4.199709994341884606e-02
4.215298024731463367e-02
4.227564213016696271e-02
4.237192875041170120e-02
4.245056505089415955e-02
4.252142974711183715e-02
4.259472700057912592e-02
4.268014427188761284e-02
4.278608132267999742e-02
4.291902443521044413e-02
4.308312230313246505e-02
4.327999840717242780e-02
4.350881112153268115e-02
4.376654873797375389e-02
4.404852323685535392e-02
4.434900551700485249e-02
4.466192816933460541e-02
4.498157254145331713e-02
4.530315741018349496e-02
4.562325846359770176e-02
4.594001032731655221e-02
4.625307305376313849e-02
4.656337803655765523e-02
4.687269878520709115e-02
4.718311514573915455e-02
4.749645228359482274e-02
4.781377694892040980e-02
4.813502382783611810e-02
4.845880587870525502e-02
4.878243680400050353e-02
4.910216398040248564e-02
4.941357955989473388e-02
4.971215004079530819e-02
4.999378486188017778e-02
5.025535670819928497e-02
5.049509296026136185e-02
5.071277905562801558e-02
5.090974705998783933e-02
5.108866009757576099e-02
5.125313767106356999e-02
5.140729121405032687e-02
5.155524900748931910e-02
5.170074405973042880e-02
5.184682039574248225e-02
5.199568746710098166e-02
5.214872488565498732e-02
5.230661552319772895e-02
5.246956771508765049e-02
5.263757843828724414e-02
5.281068875845325306e-02
5.298918919228639418e-02
5.317374391794280758e-02
5.336541686621975450e-02
5.356559769688261363e-02
5.377583985927915367e-02
5.399763498390500183e-02
5.423215662067155246e-02
5.448001095695335916e-02
5.474103209537024145e-02
5.501415471362004761e-02
5.529738800110767238e-02
5.558790274580175522e-02
5.588222979230217380e-02
5.617655441517384329e-02
5.646707895088490248e-02
5.675041652694966937e-02
5.702397280560777409e-02
5.728627093516974050e-02
5.753717780826902994e-02
5.777799754029551427e-02
5.801141080655918686e-02
5.824125578959774702e-02
5.847216665796294011e-02
5.870910644397121098e-02
5.895684980768165634e-02
5.921948397947366521e-02
5.949999995106453748e-02
5.980003853059658037e-02
6.011983665354568573e-02
6.045838994468028665e-02
6.081381187007955935e-02
6.118383388776549997e-02
6.156636203180419764e-02
6.195999035246064351e-02
6.236437545494268042e-02
6.278039997956909313e-02
6.321009235137831084e-02
6.365631728301891779e-02
6.412229581482220553e-02
6.461104514819024369e-02
6.512484046513945801e-02
6.566479151985604723e-02
6.623059927711026640e-02
6.682051938292439541e-02
6.743151885735206019e-02
6.805957896720807310e-02
6.870007749882806047e-02
6.934818077551174742e-02
6.999918870729750220e-02
7.064880000835406515e-02
7.129329205471332531e-02
7.192963287254730553e-02
7.255555547518116599e-02
7.316962471981036664e-02
7.377131554613129694e-02
7.436110365889271601e-02
7.494055175837352478e-02
7.551236216544211788e-02
7.608036379867420818e-02
7.664940853273080612e-02
7.722516666556275555e-02
7.781382931101453460e-02
7.842174234626185514e-02
7.905500836224220451e-02
7.971909797207329951e-02
8.041850984797961621e-02
8.115651146425573170e-02
8.193498187323301762e-02
8.275436598462670990e-02
8.361373822320868066e-02
8.451096288284996871e-02
8.544292927945687510e-02
8.640583213306662902e-02
8.739546192011508896e-02
8.840746705462845800e-02
8.943755076994813757e-02
9.048157147760359231e-02
9.153552661798390611e-02
9.259541607473061042e-02
9.365700046207280083e-02
9.471548938673861329e-02
9.576521194549193761e-02
9.679933307611390814e-02
9.780968236399363580e-02
9.878675500171762991e-02
9.971992761476311529e-02
1.005979058501695195e-01
1.014093886525123805e-01
1.021439000016380189e-01
1.027927075468536428e-01
1.033497244841028173e-01
1.038122812195531597e-01
1.041816603765444577e-01
1.044633134792776197e-01
1.046667178360522338e-01
1.048048821074726022e-01
1.048935607317676988e-01
1.049502819340827758e-01
1.049933236886754495e-01
1.050407816258768778e-01
1.051098609187847699e-01
1.052164926413381441e-01
1.053753288409793876e-01
1.056001164071835446e-01
1.059043954617163441e-01
1.063024212042320144e-01
1.068101758087342673e-01
1.074463240717167534e-01
1.082329750443784544e-01
1.091961399805962962e-01
1.103658188134163665e-01
1.117756943197179414e-01
1.134624554946694341e-01
1.154648012803139862e-01
1.178221880639068742e-01
1.205733791778419994e-01
1.237548360453531726e-01
1.273989654475861932e-01
1.315322134511461294e-01
1.361729810926443351e-01
1.413293357453774823e-01
1.469965091524680911e-01
1.531542105024468192e-01
1.597638407302513774e-01
1.667657699120131398e-01
1.740769269388809104e-01
1.815890383891068938e-01
1.891679247594983959e-01
1.966542951085623048e-01
2.038664519813328246e-01
2.106052073736019714e-01
2.166611090797270767e-01
2.218237955958547170e-01
2.258929704604021871e-01
2.286901682000048175e-01
2.300702399796704933e-01
2.299313791947757424e-01
2.282225750038275325e-01
2.249476290782962407e-01
2.201652620902348756e-01
2.139853041203679807e-01
2.065614242105262288e-01
1.980812302672685099e-01
1.887548050027180180e-01
1.788028122030730360e-01
1.684452192137122217e-01
1.578914717238772136e-01
1.473326768520698271e-01
1.369360543356507309e-01
1.268416496423742379e-01
1.171610982935198664e-01
1.079781010420753501e-01
9.935021196170561175e-02
9.131154164991082955e-02
8.387601598516884749e-02
7.704088800210427690e-02
7.079026168714282197e-02
6.509844311841608833e-02
5.993298320044853494e-02
5.525731787556911745e-02
5.103294838293422064e-02
4.722113803206946792e-02
4.378413404712541007e-02
4.068595280013826559e-02
3.789279239337295380e-02
3.537315563649411077e-02
3.309777674013035520e-02
3.103944522304908846e-02
2.917281076893563432e-02
2.747423472279093490e-02
2.592173032935881499e-02
2.449500790603591910e-02
2.317561606639518407e-02
2.194714868513589212e-02
2.079547195454496678e-02
1.970891863892252141e-02
1.867839881469864419e-02
1.769738810087533032e-02
1.676177397297850397e-02
1.586956461059451165e-02
1.502048786963526388e-02
1.421552529115988756e-02
1.345643385957774087e-02
1.274530535038818566e-02
1.208420120136430645e-02
1.147488361097207844e-02
1.091864546278369617e-02
1.041622653121635281e-02
9.967793585167273110e-03
9.572958106641346263e-03
9.230806651199314344e-03
8.939923927228332970e-03
