2.787474040943576509e-02
2.806446052499068228e-02
2.825109797058606570e-02
2.843162465503661432e-02
2.860372895272402308e-02
2.876595837871809627e-02
2.891775277582538800e-02
2.905937445009610862e-02
2.919175536673005930e-02
2.931629119564068894e-02
2.943461654521029036e-02
2.954839492344621746e-02
2.965915137211615205e-02
2.976816646198642349e-02
2.987643894228318373e-02
2.998471257699487913e-02
3.009355242655019358e-02
3.020344873784362380e-02
3.031492389687837422e-02
3.042861996295760652e-02
3.054535049109078498e-02
3.066610902213144640e-02
3.079203552824761811e-02
3.092434901307501705e-02
3.106425785549249766e-02
3.121285903043369281e-02
3.137103403231431692e-02
3.153934514395280442e-02
3.171793291863642117e-02
3.190641614849381441e-02
3.210379975303481043e-02
3.230840297132113459e-02
3.251782760281663603e-02
3.272899062399468872e-02
3.293824423490822328e-02
3.314159734589108147e-02
3.333503582398673892e-02
3.351491708486444010e-02
3.367839267399777570e-02
3.382379635742785440e-02
3.395093046311622315e-02
3.406119291815887934e-02
3.415751098675362529e-02
3.424408050763650541e-02
3.432594402365123087e-02
3.440846956162054576e-02
3.449680773068302536e-02
3.459540547924064985e-02
3.470764130827268257e-02
3.483562298197453999e-02
3.498016031701759593e-02
3.514089803786555471e-02
3.531657154154541761e-02
3.550533475781978560e-02
3.570510539025247010e-02
3.591387817702764579e-02
3.612996932849518728e-02
3.635217174695755393e-02
3.657981733773884442e-02
3.681275640591780834e-02
3.705127267405967928e-02
3.729595528076172506e-02
3.754754715895625150e-02
3.780678442284436669e-02
3.807423615146483808e-02
3.835015026256476806e-02
3.863431021353201655e-02
3.892590917367699799e-02
3.922345218286214796e-02
3.952470097662628967e-02
3.982667859942092686e-02
4.012574978414405746e-02
4.041778716665129362e-02
4.069842267872204877e-02
4.096336926818635454e-02
4.120878311806321082e-02
4.143162433703130587e-02
4.162996823139077790e-02
4.180322221664459909e-02
4.195221561259183940e-02
4.207914894089977154e-02
4.218741174182909920e-02
4.228129817766471121e-02
4.236566314023836044e-02
4.244556547067820235e-02
4.252593912672666260e-02
4.261132015040267756e-02
4.270564125402448452e-02
4.281209133406611855e-02
4.293302793795079897e-02
4.306992849681441637e-02
4.322337057677213407e-02
4.339304000428920866e-02
4.357777468655661679e-02
4.377565727982875993e-02
4.398416858015952863e-02
4.420040466067437501e-02
4.442134591519512898e-02
4.464414917914908548e-02
4.486642028259236331e-02
4.508641894866209643e-02
4.530315429182626280e-02
4.551634756225955009e-02
4.572626589021649979e-02
4.593346035404767547e-02
4.613846623013884846e-02
4.634153614753714484e-02
4.654247412851023752e-02
4.674061994108737877e-02
4.693500237207752501e-02
4.712464341592466355e-02
4.730896090215513244e-02
4.748819239772388012e-02
4.766375390413483265e-02
4.783845503820131906e-02
4.801651607797203375e-02
4.820336593835687633e-02
4.840523629506107012e-02
4.862859837154406145e-02
4.887951018447164037e-02
4.916295138764567585e-02
4.948222141339923830e-02
4.983846743054350104e-02
5.023039507361311967e-02
5.065419928681615808e-02
5.110373570021826961e-02
5.157093413119864800e-02
5.204643415904041531e-02
5.252039824756810776e-02
5.298343250314640346e-02
5.342752296004048274e-02
5.384688184487713969e-02
5.423859893979506713e-02
5.460301100494565490e-02
5.494373634314630994e-02
5.526736668354786941e-02
5.558285602246217788e-02
5.590068638098530385e-02
5.623191597430180627e-02
5.658722230788161556e-02
5.697604203536335565e-02
5.740588552112275283e-02
5.788187330448288370e-02
5.840651035351889647e-02
5.897968695469440331e-02
5.959887509655484999e-02
6.025947713489537144e-02
6.095527882405804565e-02
6.167896008732471486e-02
6.242262244090979878e-02
6.317829998075015496e-02
6.393842959847660656e-02
6.469626414544839277e-02
6.544621847739000298e-02
6.618414200930908264e-02
6.690751249063418837e-02
6.761554472490705070e-02
6.830920608046131548e-02
6.899112948653084165e-02
6.966541591012223589e-02
7.033732345319305967e-02
7.101284980081316867e-02
7.169822828208653742e-02
7.239937357103967686e-02
7.312132833982065705e-02
7.386777368652755471e-02
7.464067059348726552e-02
7.544009434248245827e-02
7.626430725375407671e-02
7.711008762218245216e-02
7.797329677308580120e-02
7.884962654013520644e-02
7.973543290800678973e-02
8.062853567942189492e-02
8.152885563324327456e-02
8.243877379670087879e-02
8.336313192123871729e-02
8.430884403241363512e-02
8.528414724072538866e-02
8.629757545045284306e-02
8.735678274077350591e-02
8.846736757522272177e-02
8.963185205309857906e-02
9.084895308796556157e-02
9.211324802971618264e-02
9.341529048299489213e-02
9.474217825793755654e-02
9.607852049438601882e-02
9.740770169865835271e-02
9.871330371347565580e-02
9.998052869175606816e-02
1.011974706623037096e-01
1.023561099141625796e-01
1.034529481878823792e-01
1.044892547573072483e-01
1.054709435611069918e-01
1.064081405278518716e-01
1.073145227703849458e-01
1.082065168924574716e-01
1.091024361157861416e-01
1.100216217463299423e-01
1.109836403129862148e-01
1.120075782705196726e-01
1.131114730208243602e-01
1.143119204024613256e-01
1.156239004768286616e-01
1.170608601520722741e-01
1.186350783619593702e-01
1.203583147279091436e-01
1.222427065474958885e-01
1.243018355826666088e-01
1.265518422400848664e-01
1.290124285102134116e-01
1.317075700907133218e-01
1.346657575764302617e-01
1.379196076915611968e-01
1.415047255048523800e-01
1.454577519459234192e-01
1.498135919186547316e-01
1.546018831390074122e-01
1.598428341370059513e-01
1.655426339783788170e-01
1.716887183924372118e-01
1.782452651218665307e-01
1.851493754002256631e-01
1.923084590142278005e-01
1.995993510383385905e-01
2.068696228536321680e-01
2.139413926304059577e-01
2.206176953004902186e-01
2.266911683689036561e-01
2.319544983215217349e-01
2.362118125042150518e-01
2.392900444483865852e-01
2.410492741434893949e-01
2.413911455378230653e-01
2.402646625826801718e-01
2.376689211880142483e-01
2.336526093859007391e-01
2.283103762751826360e-01
2.217764190009143266e-01
2.142158580278358260e-01
2.058146518915144607e-01
1.967689227068598889e-01
1.872745982819022104e-01
1.775182078253634832e-01
1.676694960036129722e-01
1.578762677195547359e-01
1.482615859841398542e-01
1.389231681042106259e-01
1.299346057150634060e-01
1.213478999589147483e-01
1.131967615617601869e-01
1.055001654359878777e-01
9.826574753234405823e-02
9.149276039412332362e-02
8.517443747376167440e-02
7.929973469290770016e-02
7.385450818430044917e-02
6.882224411549224541e-02
6.418448062865568515e-02
5.992105849904484638e-02
5.601031410043375014e-02
5.242929449597598379e-02
4.915403800817293167e-02
4.615993066061838818e-02
4.342212330843480544e-02
4.091597778916804262e-02
3.861750309130853459e-02
3.650374340581229865e-02
3.455308753695716939e-02
3.274548175867286748e-02
3.106254378021972018e-02
2.948759163529459520e-02
2.800561530695573967e-02
2.660322796248487318e-02
2.526863544587672553e-02
2.399165584041729887e-02
2.276380571258629359e-02
2.157844820155617807e-02
2.043097440263633158e-02
1.931896888352711492e-02
1.824229846368985095e-02
1.720306530519656596e-02
1.620538282834137200e-02
1.525496369976040920e-02
1.435854640829508158e-02
1.352322098657717311e-02
1.275573547503525487e-02
1.206186648192431390e-02
1.144591938155824218e-02
