3.719647335663064242e-02
3.745213159557747584e-02
3.603340841043589649e-02
3.765017671025459867e-02
3.877723345378077113e-02
3.711725531075978773e-02
3.735490944837233790e-02
3.719287253636378160e-02
3.619544532244445278e-02
3.766097917105516724e-02
3.992229429864123380e-02
3.960182129489097508e-02
3.904729497379503395e-02
3.961262375569154365e-02
3.924173926820529595e-02
3.785542346546543618e-02
3.965223277862697099e-02
4.075048296001829162e-02
4.062805507094516266e-02
4.153546177819307517e-02
4.192795118728046000e-02
4.054883702507431492e-02
4.119698467310853318e-02
4.236365043957013299e-02
4.314502843747805572e-02
4.265891770145239376e-02
4.376436952337742214e-02
4.453134424021792243e-02
4.409204416766139556e-02
4.461416310635563098e-02
4.473659099542875994e-02
4.338268257509060588e-02
4.398041873938883517e-02
4.414605647166424535e-02
4.790171200999587819e-02
4.609410023603376788e-02
4.790531283026273207e-02
4.774327591825417577e-02
4.704471678648396160e-02
4.599327726856177606e-02
4.755243244411076764e-02
4.753442834277648438e-02
4.856426293909752584e-02
4.895675234818491761e-02
4.925201961006717144e-02
4.614811254003661767e-02
4.577722805255036997e-02
5.110644204749841685e-02
4.920520894659803635e-02
5.106323220429613563e-02
4.960850081648599669e-02
5.071035181814417120e-02
5.023864436318593168e-02
5.015582549704823007e-02
5.180500117926863796e-02
5.291405382146052716e-02
5.486569840609691051e-02
5.199224383314519221e-02
5.276281937025254637e-02
5.442639833354038364e-02
5.344697522095533115e-02
5.540942226639228307e-02
5.705499712834583709e-02
5.601796089149108093e-02
5.691456513793842487e-02
6.173606347525966570e-02
6.125715437976771149e-02
5.827207437854343280e-02
6.095108465708488216e-02
6.097989121921974093e-02
5.819285633267258506e-02
6.125355355950085762e-02
6.214295616541447992e-02
5.887341136310851597e-02
6.159563148485224654e-02
6.242742096649616518e-02
6.353287278842120744e-02
6.520725421250961329e-02
6.400818106364629390e-02
6.700406352567114809e-02
6.629110111283349760e-02
6.960745657860860358e-02
6.850560557695042907e-02
6.587700678214497563e-02
7.283739235797914713e-02
6.988111891888972027e-02
7.382041629083105350e-02
7.342072524120994703e-02
7.555961247972288464e-02
7.717277995927472600e-02
7.656064051390906733e-02
7.837545392840489233e-02
8.008584355516186470e-02
7.915323110604595425e-02
8.025868292797098957e-02
7.907401306017511344e-02
8.103646010561206536e-02
8.408275405137290159e-02
8.541145672984305770e-02
8.546906985411276136e-02
9.028336655090030138e-02
8.782400630863711199e-02
8.808686618811766011e-02
9.098192568267050861e-02
9.354570971267255064e-02
9.670722990697280808e-02
9.124478556215105673e-02
9.135281017015675631e-02
9.593665436986545392e-02
9.814395719344866376e-02
9.764344317635557935e-02
9.905496472096343707e-02
1.049567091383417083e-01
1.031779039265144637e-01
1.063466257613484289e-01
1.050071206220777043e-01
1.066706995853655415e-01
1.078409661720940022e-01
1.035847966166692780e-01
1.073620570766020549e-01
1.126876702512832479e-01
1.106027953167731670e-01
1.160652396615949045e-01
1.170590660552473794e-01
1.190179122804174844e-01
1.206310797599693257e-01
1.203070059359522131e-01
1.223558726677937275e-01
1.265580299192156088e-01
1.265652315597493027e-01
1.290642008249479333e-01
1.315127586064105403e-01
1.294098795705661831e-01
1.313831290768036897e-01
1.369247914674962818e-01
1.327910498011447005e-01
1.407056527476959196e-01
1.403887805642125286e-01
1.451418633164635041e-01
1.406372371626256335e-01
1.442344566092155778e-01
1.464777676354673541e-01
1.494556459961579320e-01
1.542231320294763230e-01
1.547740575303054034e-01
1.533877417275655297e-01
1.554546125607413343e-01
1.596135599689609275e-01
1.582416474472884971e-01
1.588861942750558476e-01
1.568949406674840508e-01
1.595163378217557826e-01
1.675497678371132837e-01
1.688424623129148872e-01
1.658321765698226036e-01
1.720579948112180013e-01
1.740744541606578100e-01
1.775456448979077506e-01
1.794576804596086927e-01
1.760369012060947480e-01
1.835158049003562941e-01
1.839839115350476728e-01
1.855934781943326672e-01
1.862236217410326022e-01
1.881104515608655603e-01
1.882976942147421284e-01
1.911891528890281300e-01
1.931479991141982211e-01
1.903897707897859171e-01
1.937385336379627288e-01
2.001119855102992395e-01
1.954777298268545460e-01
2.015811201791768148e-01
1.969396628551984274e-01
2.022796793109470359e-01
2.041809124118474095e-01
2.068815276119900237e-01
2.075656834626928016e-01
2.060029274668769561e-01
2.096073485540005943e-01
2.081958270093927366e-01
2.063594086732957744e-01
2.102843027641696783e-01
2.150805953596229281e-01
2.164417054204947899e-01
2.187462303912831307e-01
2.179684532136420549e-01
2.209571340351332014e-01
2.184041524659317279e-01
2.189550779667608360e-01
2.248100117206699722e-01
2.258326446764573059e-01
2.200893363508207301e-01
2.256273979212464476e-01
2.247415961355996861e-01
2.258038381143224471e-01
2.278779105880319455e-01
2.262755455692806728e-01
2.367035210620979380e-01
2.394977575891788224e-01
2.395049592297125163e-01
2.392961116542348388e-01
2.379458040541635455e-01
2.445569100641125926e-01
2.405311930057667247e-01
2.481217221283008312e-01
2.459864357100547405e-01
2.470522785090443485e-01
2.520502170394415820e-01
2.518377686436970575e-01
2.514056702116742037e-01
2.519025834085004689e-01
2.584956853171152535e-01
2.602564864276082357e-01
2.601628651006699378e-01
2.650923880459968851e-01
2.651103921473311753e-01
2.669288063820938195e-01
2.667235596268829889e-01
2.678002048866731655e-01
2.717647080004825244e-01
2.721391933082356052e-01
2.772127490642368186e-01
2.805507094516130895e-01
2.866396965228679150e-01
2.820198441204906370e-01
2.861967956300445204e-01
2.928871196858644499e-01
2.957641750790830359e-01
2.940393821712586342e-01
3.016659194964613211e-01
2.990589256232569770e-01
3.017487383625990227e-01
3.040568641536541827e-01
3.090764076056525811e-01
3.164400850513747199e-01
3.174843229287631630e-01
3.217584965855221912e-01
3.217981056084576186e-01
3.228783516885146421e-01
3.294822560579300230e-01
3.303644570233099098e-01
3.417178433247093916e-01
3.402991201395678122e-01
3.428593033493029796e-01
3.399534413939495625e-01
3.421571433972658838e-01
3.494019937741817405e-01
3.536905707120082121e-01
3.544575454288487193e-01
3.502229807950251184e-01
3.574066172274044106e-01
3.541082658629635671e-01
3.514004490222872867e-01
3.575758557799466608e-01
3.580043533917026122e-01
3.637692666389403251e-01
3.583176247549191840e-01
3.588073363112116998e-01
3.519261687812483830e-01
3.611478694846685933e-01
3.554153636198326138e-01
3.431437681503846648e-01
3.525563123279483180e-01
3.479184558242367498e-01
3.460280251841369448e-01
3.363922301500281709e-01
3.338176436592255603e-01
3.318551966137885945e-01
3.224678581780929809e-01
3.210275300713502644e-01
3.125403967023687724e-01
3.058320685452146082e-01
3.010789857929636604e-01
2.892394887555385097e-01
2.834061599232305384e-01
2.743536977723525228e-01
2.677822007853388753e-01
2.635152287691135964e-01
2.481721336120368271e-01
2.404735798814970071e-01
2.273413883682702807e-01
2.236721525163432311e-01
2.167261702215764752e-01
2.038460361270297283e-01
2.001443928927009452e-01
1.926294809957708465e-01
1.861480045154286223e-01
1.743373140401383303e-01
1.609818716703665109e-01
1.571938087496331793e-01
1.505971060207515200e-01
1.458764306509022779e-01
1.430677908427539780e-01
1.356032904295598474e-01
1.286429048537256759e-01
1.237169827286655893e-01
1.203682198804887776e-01
1.164577290706823032e-01
1.188666778292094967e-01
1.200657509780728022e-01
1.225683210635382797e-01
1.169186340648399741e-01
1.145276894076470570e-01
1.189530975156140591e-01
1.241994926444243974e-01
1.268388939000304194e-01
1.325858030459338699e-01
1.389484524574698121e-01
1.466073971650742047e-01
1.513640807375920272e-01
1.570317718376246230e-01
1.679746646286023881e-01
1.754211609404622285e-01
1.876423449261741816e-01
1.955821536145934125e-01
2.095965460932000257e-01
2.180224655176449255e-01
2.238557943499529246e-01
2.348418969841329917e-01
2.446109223681154632e-01
2.483197672429779401e-01
2.492667829731612938e-01
2.594823100702339791e-01
2.563531972583354412e-01
2.516073161466181873e-01
2.530476442533609038e-01
2.462925054327375907e-01
2.386155566237989079e-01
2.314679283940881682e-01
2.254545585484373227e-01
2.096577600377365902e-01
1.983907934227417125e-01
1.909334946500812757e-01
1.772539784562923437e-01
1.620261095477549818e-01
1.471799275875044222e-01
1.294566902340353043e-01
1.207787133909104527e-01
1.101778985252840626e-01
9.789910141530240584e-02
8.426639588498259503e-02
7.431732948765729097e-02
6.639192408030548942e-02
5.607197319549393072e-02
5.020623698078422598e-02
4.473659099542875994e-02
3.980346722983495872e-02
3.591098052136276753e-02
3.145316503099405969e-02
2.779113081960070397e-02
2.385903508819308891e-02
2.127724695685677056e-02
2.040224763201057070e-02
1.701387576089833167e-02
1.547632550695048417e-02
1.239042253825421366e-02
1.218517578304337788e-02
1.021192627680585566e-02
9.171289219684243890e-03
9.236103984487665716e-03
7.781372596677523304e-03
6.585900268081069063e-03
6.157402656325110767e-03
5.833328832307999902e-03
5.610077975762879123e-03
4.547835997040125880e-03
4.490222872770417012e-03
4.126540025817881409e-03
3.499997299384799854e-03
3.157919374033404860e-03
3.021088203892846949e-03
2.704216020409449476e-03
3.179524295634545469e-03
1.894031460366671447e-03
2.311726611322059005e-03
2.117282316911792660e-03
2.052467552108370400e-03
1.966047865703807532e-03
2.088475754776938226e-03
2.099278215577508530e-03
2.088475754776938226e-03
2.182097081715214919e-03
1.966047865703807532e-03
1.721192087557545710e-03
1.703187986223261580e-03
1.505142871546138105e-03
1.555554355282133365e-03
1.825615875296392491e-03
1.645574861953552929e-03
2.106479856111221922e-03
1.850821617164390013e-03
1.634772401152982625e-03
1.613167479551842016e-03
1.688784705155834580e-03
1.296295296068444326e-03
1.310698577135871543e-03
1.807611773962108578e-03
1.533949433680992539e-03
1.782406032094111057e-03
1.472735489144427192e-03
