2.412699113944671847e-02
2.546339119798324974e-02
2.290655968103112727e-02
2.549100276944061758e-02
2.601562262713057877e-02
2.602666725571352313e-02
2.727471028558648217e-02
2.665621108494147656e-02
2.543577962652588537e-02
2.468474488288551968e-02
2.367416136754590950e-02
2.784903097189970339e-02
2.893692688731993798e-02
2.818036982938810012e-02
2.666173339923295221e-02
2.905289548744087805e-02
2.818036982938810012e-02
2.963273848804557145e-02
2.686605902801746104e-02
2.827977148663462018e-02
2.838469545817261241e-02
2.720844251408880560e-02
2.955542608796494358e-02
2.789873180052296342e-02
2.808649048643305571e-02
2.807544585785010788e-02
3.030093851731383708e-02
2.914125251610445028e-02
3.382417503527378189e-02
3.130599971836196815e-02
3.151584766143795263e-02
3.332164443474971288e-02
3.243807414811399059e-02
3.073167903204875040e-02
3.049974183180687373e-02
3.430461637863195523e-02
3.502251723652348436e-02
3.544221312267545332e-02
3.407267917839008203e-02
3.327746592041792850e-02
3.706025121007711781e-02
3.455312052174825538e-02
3.400641140689240199e-02
3.776710743938569564e-02
3.666816689538252017e-02
3.779471901084306695e-02
4.130138858592859175e-02
4.071050095674095398e-02
4.000916704172384486e-02
3.750755866768645114e-02
3.662398838105072885e-02
3.901515046925865815e-02
3.942380172682767581e-02
4.158854892908520062e-02
3.923604304091758699e-02
3.960603809844629591e-02
3.907589592646486254e-02
4.089273732835956715e-02
4.368702835984504540e-02
4.737041199225771465e-02
4.538790116161880994e-02
5.121394273912310835e-02
4.732071116363445462e-02
4.778458556411820796e-02
4.837547319330585266e-02
5.252273122620227525e-02
4.899397239395085479e-02
4.887248147953844601e-02
5.447763048538381558e-02
5.456046519975591563e-02
5.259452131199143093e-02
5.564836111517614675e-02
5.689640414504910926e-02
5.580298591533740249e-02
5.558761565796994236e-02
5.559866028655288672e-02
5.944219103341828736e-02
6.130873326393625200e-02
6.255677629380920757e-02
6.708507401281729732e-02
6.516883095367606571e-02
6.773118478491967076e-02
6.510808549646986132e-02
7.079606921668732400e-02
7.101696178834626672e-02
7.102800641692920414e-02
7.283380319024096439e-02
7.462303302067831157e-02
7.786463150977311620e-02
8.126085479902918352e-02
8.122772091328034350e-02
8.173025151380440556e-02
8.660093271888383293e-02
8.906388489288090404e-02
8.957746012198791741e-02
9.151579243829503774e-02
9.181399741003459791e-02
9.215638089610593553e-02
9.207906849602531807e-02
9.428799421261462033e-02
9.841316298834515419e-02
1.043717401088448127e-01
1.066358889683488576e-01
1.046257665662525815e-01
1.079888559697598088e-01
1.140302678046315604e-01
1.148862265198099253e-01
1.127767024604671292e-01
1.214080796980398502e-01
1.201710812967498460e-01
1.286367891055783530e-01
1.312157098796963850e-01
1.327343463098515364e-01
1.308181032507103048e-01
1.392506771737899995e-01
1.374393580861867636e-01
1.415037814047110931e-01
1.465125204670773562e-01
1.482741387260573251e-01
1.543210728752205385e-01
1.572368548211184325e-01
1.603735293386752414e-01
1.615111260827187534e-01
1.616712731971714778e-01
1.667407577167439314e-01
1.704517529206139581e-01
1.714015909787473813e-01
1.763992854125306931e-01
1.821204030184969958e-01
1.834015799341187913e-01
1.893270231688696237e-01
1.952303771464545257e-01
1.972570664914252148e-01
2.025087873826162954e-01
2.063688850723561230e-01
2.101682373048897323e-01
2.182694723704810269e-01
2.222455386603417737e-01
2.266302562077715521e-01
2.369845955042839403e-01
2.324065969566525836e-01
2.322740614136572235e-01
2.422915395383897497e-01
2.398175427358097134e-01
2.498626324319996039e-01
2.502768060038600972e-01
2.643531851328254634e-01
2.662749505062581568e-01
2.663191290205899620e-01
2.699528118243793573e-01
2.847526141255277143e-01
2.804175974067212307e-01
2.881709266719496565e-01
2.944663649642292325e-01
2.936104062490508260e-01
2.965758890235720147e-01
3.039095224026485131e-01
3.047820480607013049e-01
3.130102963549964423e-01
3.188142486753348659e-01
3.198027429335085770e-01
3.212219777064171944e-01
3.168980056161936343e-01
3.254134142536453944e-01
3.376453404092586985e-01
3.353259684068399249e-01
3.439131671300808546e-01
3.404782876407845271e-01
3.411575322986357128e-01
3.428694497289924148e-01
3.636720076649722633e-01
3.569347842293748574e-01
3.603807083472541639e-01
3.676701632119988572e-01
3.732035221320550988e-01
3.755284164487653342e-01
3.727341254172798490e-01
3.706632575579774103e-01
3.742251502759776360e-01
3.805868563397548643e-01
3.804929769967997921e-01
3.804819323682168686e-01
3.897594203778919630e-01
3.908473162933122080e-01
3.953590470694458570e-01
3.998155547026647771e-01
3.925260998379200839e-01
4.074363484248978984e-01
4.004506208461842132e-01
4.097060195986934050e-01
4.072044112246560044e-01
4.081542492827894275e-01
4.125997122874254242e-01
4.177299422642040683e-01
4.214078035823252688e-01
4.220760036115935310e-01
4.122904626871028988e-01
4.272393674741210567e-01
4.270792203596683323e-01
4.281174154464653103e-01
4.241247822137301227e-01
4.275486170744435821e-01
4.332642123661183953e-01
4.294151593049615467e-01
4.453359914072789749e-01
4.518467999569259486e-01
4.481081931815985575e-01
4.504496544411832337e-01
4.503668197268110851e-01
4.550331753031060522e-01
4.697390982612993371e-01
4.606880251375746749e-01
4.763658754110672855e-01
4.786962920420689827e-01
4.885867569380976105e-01
4.899231569966341349e-01
4.919829802273537056e-01
5.062084618421888171e-01
5.228748063738551943e-01
5.327597489555923049e-01
5.410376980785107648e-01
5.443952651677265164e-01
5.683289753069716843e-01
5.730395093975982901e-01
5.820132701212423765e-01
6.095475291785281691e-01
6.197803775606280929e-01
6.355079286627439705e-01
6.406602478966885172e-01
6.709887979854597395e-01
6.778143784497207003e-01
6.699395582700797824e-01
6.781843735072494717e-01
6.886105028895509461e-01
6.989151413574400395e-01
7.053320705641320520e-01
7.000582604157750133e-01
6.956238420397220512e-01
6.892124351473215560e-01
6.787310826221052418e-01
6.566804816562524794e-01
6.541623063393406934e-01
6.380150593510728330e-01
6.016450974274298868e-01
5.829410189222099525e-01
5.717748994248509353e-01
5.463501644269079804e-01
5.131941894209025579e-01
4.856985865636571087e-01
4.600750482512211414e-01
4.363511860550519650e-01
4.160401140910132689e-01
3.823484745987348332e-01
3.599941463468510627e-01
3.310627417738225553e-01
3.155174270433253048e-01
2.943559186783997195e-01
2.672910563358892322e-01
2.486642902307499015e-01
2.441470371403247630e-01
2.256914627782211080e-01
2.056344172715901808e-01
1.951861986321227482e-01
1.808999715600813907e-01
1.641618369426259272e-01
1.518470760726405300e-01
1.361305695991076037e-01
1.322704719093677761e-01
1.276648617902790828e-01
1.202815275825793034e-01
1.170620183506503875e-01
1.117826858880019425e-01
9.938509030364445218e-02
9.730870013005049612e-02
9.782227535915750949e-02
1.004343300190243676e-01
9.639751827195741640e-02
9.689452655819000282e-02
9.740257947300554053e-02
1.018093862776012215e-01
1.048356145093285730e-01
1.038029417368230706e-01
1.055811269386774665e-01
1.107224015440390757e-01
1.096731618286591603e-01
1.168135142075340943e-01
1.190334845527063479e-01
1.236446169860865307e-01
1.318452537089243315e-01
1.376105498292224394e-01
1.402943945748784393e-01
1.456455171233160262e-01
1.561600035342811388e-01
1.716390504932807370e-01
1.771337532132966353e-01
1.843072394779204093e-01
1.987701806072889044e-01
2.125925332788465016e-01
2.222124047745929476e-01
2.243053618910613167e-01
2.424627312814254254e-01
2.621497817305276090e-01
2.705768333393158143e-01
2.895018044161947190e-01
3.048096596321586693e-01
3.098625772088566821e-01
3.234309034230065105e-01
3.337907650338103882e-01
3.553995808563452652e-01
3.672670342687213152e-01
3.793056794241330687e-01
3.847009804869024330e-01
3.984404984440879649e-01
4.131022428879495001e-01
4.164708546057481753e-01
4.228215160409424245e-01
4.346282239961122840e-01
4.352853793967976226e-01
4.386208572288474716e-01
4.466006013800263297e-01
4.479370014385628540e-01
4.444027202920199926e-01
4.290782981331816570e-01
4.059121896804512852e-01
3.802610397965579536e-01
3.480825144201432075e-01
3.053729356898889358e-01
2.593389237561677385e-01
2.232340329185154848e-01
1.722906835796745584e-01
1.294485693064249265e-01
9.712646375843188296e-02
6.921116501503450646e-02
4.796129962144535241e-02
3.474640152194981985e-02
2.357475971029939291e-02
1.657246518871128421e-02
1.191715424099931871e-02
8.294516065792852111e-03
6.560509378270245814e-03
4.296360518766204409e-03
3.274732374843649426e-03
2.794291031485474780e-03
2.601010031283910312e-03
2.468474488288551968e-03
2.308327373835827086e-03
1.888631487683858565e-03
1.872064544809438772e-03
1.927287687724171415e-03
2.264148859504040972e-03
1.143119058334967015e-03
1.822363716186179393e-03
1.242520715581485989e-03
1.767140573271446533e-03
1.849975287643545714e-03
1.673261230316401039e-03
1.502069487280729629e-03
1.932810002015644679e-03
1.297743858496218632e-03
1.535203373029569215e-03
1.441324030074523721e-03
1.275654601330325575e-03
1.297743858496218632e-03
9.498380581334025467e-04
1.811319087603232864e-03
1.844452973352072450e-03
1.623560401693141661e-03
1.711917430356713890e-03
1.148641372626440279e-03
1.562814944486935536e-03
1.154163686917913543e-03
1.319833115662111690e-03
1.474457915823363307e-03
1.358489315702424540e-03
1.734006687522606947e-03
1.121029801169073957e-03
1.236998401290012725e-03
1.468935601531890043e-03
1.424757087200103712e-03
1.098940544003180900e-03
1.397145515742737390e-03
1.424757087200103712e-03
1.424757087200103712e-03
1.606993458818721651e-03
9.056595438016164321e-04
1.065806658254341314e-03
1.640127344567561454e-03
1.822363716186179393e-03
1.446846344365996986e-03
1.308788487079165161e-03
1.176252944083806600e-03
1.397145515742737390e-03
1.634605030276088189e-03
1.364011629993897804e-03
1.358489315702424540e-03
1.065806658254341314e-03
1.242520715581485989e-03
1.121029801169073957e-03
1.231476086998539244e-03
9.664050010078223396e-04
1.535203373029569215e-03
