4.817372055025562899e-02
4.672956306330047771e-02
4.929636852369156247e-02
4.953354767300901379e-02
5.157328835713909099e-02
5.227955515732883585e-02
5.018710799557265373e-02
5.146787540188689503e-02
5.299109260528118981e-02
5.255889948874716694e-02
5.243240394244452762e-02
5.554208612238444032e-02
5.510462235808780834e-02
5.348126284720391976e-02
5.343909766510303999e-02
5.047699362251620997e-02
5.547356770147050808e-02
5.896273652031834567e-02
5.782427660359458488e-02
5.519422337005217699e-02
5.373425393980920534e-02
5.794550150213461509e-02
5.475675960575554502e-02
5.674906446002213334e-02
5.797712538871026972e-02
5.730248247509618642e-02
5.661202761819427581e-02
5.829863490222948058e-02
5.549992094028356054e-02
5.831971749327992394e-02
5.658040373161861425e-02
6.354820007378907121e-02
6.386970958730828207e-02
6.187213408527907771e-02
6.102883044326147532e-02
6.289991039898804037e-02
6.175090918673904750e-02
6.314236019606810080e-02
6.524007800558688508e-02
6.252569440784272459e-02
6.059136667896484335e-02
6.411743003215095160e-02
6.169820270911294952e-02
6.367469562009170359e-02
6.658409318505244257e-02
6.688979075528382612e-02
6.431244399936751621e-02
6.616771201180625395e-02
7.057397354134822831e-02
7.265060875981657618e-02
6.905602698571654263e-02
6.959363305750276840e-02
6.683181362989511209e-02
6.683708427765772120e-02
6.755389237337268427e-02
7.101670795340747633e-02
6.978864702471933301e-02
7.463764296632055539e-02
7.340431138986981685e-02
7.268223264639224468e-02
7.704632899383334621e-02
7.785800874927528703e-02
7.541242818742423248e-02
7.879091340325726500e-02
7.620829599957834599e-02
7.647182838770884283e-02
7.598692879354872198e-02
7.698308122068202308e-02
7.714647130132293307e-02
7.518579033363199937e-02
7.542824013071205980e-02
7.742054498497864812e-02
7.874874822115637829e-02
7.987139619459231177e-02
7.941812048700785942e-02
8.120487007853265105e-02
8.067780530227164348e-02
8.410899699573078092e-02
8.688662836662626454e-02
8.785115690718389714e-02
8.739788119959943091e-02
8.816739577294049890e-02
8.557423707373636168e-02
8.621725610077478341e-02
9.012807674063141872e-02
8.849944658198492797e-02
8.861013018499973304e-02
8.949032836135560609e-02
9.457123280451167069e-02
9.282664839508775190e-02
9.066041216465503538e-02
8.945870447477995147e-02
8.987508564802614008e-02
9.219944131133715748e-02
9.613661519000685218e-02
9.618405101987034800e-02
9.725399251568017656e-02
9.518789859273704690e-02
9.668476255731829616e-02
9.588889474516418265e-02
9.588362409740157355e-02
9.882464554893796715e-02
9.704843725293837986e-02
9.875085648026142582e-02
1.014494281347177590e-01
9.674801033046961929e-02
9.970484372529384021e-02
1.041111052548358146e-01
1.040847520160227690e-01
1.024192273230380007e-01
1.027670900753702571e-01
1.020977178095187898e-01
1.021188004005692262e-01
1.052284825805091389e-01
1.091603858114162245e-01
1.053497074790491761e-01
1.098930058504190149e-01
1.059136667896484474e-01
1.031834712486164596e-01
1.050809044431560701e-01
1.071997048437252908e-01
1.108628050387392566e-01
1.106467084804722556e-01
1.133874453170294616e-01
1.092974226532440890e-01
1.099299003847572925e-01
1.117008380329942568e-01
1.137353080693617180e-01
1.131502661677120103e-01
1.137985558425130411e-01
1.170400042165182092e-01
1.136826015917356270e-01
1.204079481368260096e-01
1.156643651504769971e-01
1.206293153428556336e-01
1.206029621040425881e-01
1.190006851842091429e-01
1.165498339745954792e-01
1.201813102830337904e-01
1.186001159542507816e-01
1.170979813419069232e-01
1.193063827544405264e-01
1.222895693880777929e-01
1.221050967163864465e-01
1.190481210140726248e-01
1.131555368154746194e-01
1.158277552311179071e-01
1.210615084593896634e-01
1.186053866020133907e-01
1.221683444895377696e-01
1.183102303273072253e-01
1.218521056237811678e-01
1.199072365993780614e-01
1.246824434723027425e-01
1.258788805144152312e-01
1.289095029779159796e-01
1.284983924524324139e-01
1.232751805196858758e-01
1.215938438834132662e-01
1.276181942760765409e-01
1.276498181626521955e-01
1.269751752490381191e-01
1.283350023717914901e-01
1.300005270647762723e-01
1.271965424550677293e-01
1.299794444737258081e-01
1.296632056079692064e-01
1.277394191746165641e-01
1.297211827333579204e-01
1.326832867759447643e-01
1.293100722078743547e-01
1.338375586359563663e-01
1.367206029621040320e-01
1.344858483107573832e-01
1.316028039846097175e-01
1.347230274600748345e-01
1.295050861750909055e-01
1.372055025562641528e-01
1.407421072049754862e-01
1.405576345332841537e-01
1.378063564012017017e-01
1.371000896010119707e-01
1.360090655141516780e-01
1.361935381858430383e-01
1.365255889948874812e-01
1.385389764402044921e-01
1.373794339324302949e-01
1.477362567859590026e-01
1.405734464765719671e-01
1.424761503188742007e-01
1.399093448584831090e-01
1.399567806883466048e-01
1.398671796763822361e-01
1.436883993042744889e-01
1.457175986928793687e-01
1.499762820850682465e-01
1.462499341169029576e-01
1.496020660939229308e-01
1.479839772308016721e-01
1.442312760238233238e-01
1.471617561798345131e-01
1.531702946292099188e-01
1.508828335002371790e-01
1.529173035366046540e-01
1.553365308596426630e-01
1.466241501080482734e-01
1.495967954461603355e-01
1.525799820797976158e-01
1.542455067727823703e-01
1.548727138565329786e-01
1.567806883465978074e-01
1.590470668845201108e-01
1.594898012965793588e-01
1.585252727560217123e-01
1.579718547409476592e-01
1.551731407790017392e-01
1.562536235703367860e-01
1.592051863173984116e-01
1.619511938017182406e-01
1.624150108048279251e-01
1.664734095820376292e-01
1.593211405681758397e-01
1.629895114109524146e-01
1.625520476466557618e-01
1.596162968428819773e-01
1.590365255889948926e-01
1.605228482580509097e-01
1.672429241553786972e-01
1.614293996732198422e-01
1.589680071680809603e-01
1.641279713276761754e-01
1.630949243662045967e-01
1.628524745691245501e-01
1.584304010962947484e-01
1.602066093922943080e-01
1.590681494755705472e-01
1.578137353080693583e-01
1.579718547409476592e-01
1.517683023243556750e-01
1.488905286459705768e-01
1.507879618405101874e-01
1.502029199388604797e-01
1.504453697359405540e-01
1.495177357297211851e-01
1.429346966742212621e-01
1.463553470721551675e-01
1.450482264270278876e-01
1.447109049702208494e-01
1.421019343277288849e-01
1.417382596321087873e-01
1.415695989037052682e-01
1.337637695672798110e-01
1.298529489274231896e-01
1.312496705845148381e-01
1.294418384019395962e-01
1.355821430453802712e-01
1.306066515574764164e-01
1.291730353660464903e-01
1.233120750540241395e-01
1.288040900226637975e-01
1.258525272756021718e-01
1.283666262583671447e-01
1.326463922416064867e-01
1.283666262583671447e-01
1.296104991303431153e-01
1.317503821219628002e-01
1.383545037685131596e-01
1.410952406050703656e-01
1.453223001106836165e-01
1.463975122542560403e-01
1.469720128603805298e-01
1.529858219575185863e-01
1.550835397670373705e-01
1.614873767986085562e-01
1.638802508828335058e-01
1.748431982290623576e-01
1.739471881094186434e-01
1.808728192694882275e-01
1.816792283771675454e-01
1.795288040900226700e-01
1.794392030780583014e-01
1.805565804037316258e-01
1.828176882938913062e-01
1.742845095662256816e-01
1.816054393084910179e-01
1.766299478205871631e-01
1.732620039002793488e-01
1.645812470352606416e-01
1.520423760080113762e-01
1.454224424181732034e-01
1.428661782533073299e-01
1.332735993253570950e-01
1.203130764770990319e-01
1.168608021925894719e-01
1.087387339904074268e-01
1.022558372423970907e-01
9.482949454487957230e-02
8.410372634796817182e-02
8.015601117377325890e-02
7.338322879881938043e-02
6.596215674906445725e-02
5.898908975913139813e-02
5.229009645285405405e-02
4.899594160122278802e-02
4.720919200969798946e-02
4.122173615137300628e-02
3.665208454119011500e-02
3.166078110999841905e-02
2.996890317820060171e-02
2.959468718705528939e-02
2.386022242133558138e-02
2.447688820956095412e-02
2.270067991356137724e-02
1.756706899277921119e-02
1.749855057186528243e-02
1.595425077742054429e-02
1.330311495282770172e-02
1.281821535866758087e-02
1.196437042112475681e-02
1.003531334000948641e-02
1.011964370421124769e-02
9.286881357718863514e-03
9.966794919095557648e-03
7.948136826015916867e-03
6.472355452485110093e-03
6.229905655405049668e-03
6.419648974859010378e-03
5.044009908817793930e-03
4.764665577399461970e-03
5.697570231381436472e-03
4.105834607073209457e-03
4.190164971274969868e-03
4.000421651821009159e-03
3.910820639856638775e-03
4.026774890634059016e-03
3.462815580034786424e-03
3.072787645601644628e-03
3.294154851631265601e-03
3.151847362040794635e-03
2.788172666420703130e-03
3.236177726242555047e-03
2.767090075370262810e-03
2.909397564960733776e-03
2.334896958836240807e-03
3.009539872450324102e-03
2.688030358931112803e-03
2.313814367785800921e-03
2.477204448426711773e-03
2.171506878195330389e-03
2.076635218468349600e-03
1.549570442207347243e-03
2.076635218468349600e-03
1.881621251251778919e-03
1.354556474990776345e-03
1.628630158646497683e-03
2.355979549886681127e-03
1.913245137827438965e-03
1.586464976545617477e-03
1.923786433352659125e-03
1.575923681020397317e-03
1.744584409423918141e-03
1.681336636272597832e-03
1.654983397459547758e-03
1.849997364676118656e-03
2.287461128972750630e-03
1.570653033257787346e-03
1.138459916723765343e-03
1.744584409423918141e-03
1.206978337637695624e-03
1.154271860011595475e-03
1.407262952616876710e-03
1.781478943762188375e-03
1.454698782480366888e-03
9.697991883202445196e-04
1.228060928688135727e-03
9.276340062193643137e-04
1.391451009329046579e-03
1.523217203394297168e-03
1.818373478100458610e-03
1.612818215358667552e-03
1.259684815263795990e-03
1.681336636272597832e-03
1.512675907869077008e-03
1.565382385495177374e-03
1.365097770515996504e-03
1.649712749696937786e-03
1.760396352711748272e-03
1.554841089969957214e-03
1.043588256996784988e-03
1.280767406314236093e-03
1.428345543667316813e-03
1.449428134717756916e-03
1.101565382385495109e-03
1.196437042112475681e-03
1.085753439097665194e-03
1.465240078005586831e-03
9.856111316080746511e-04
1.602276919833447609e-03
1.191166394349865492e-03
1.069941495809835063e-03
8.222210509671639073e-04
