2.632569397648469242e-02
2.654655845809547263e-02
2.764862714694925339e-02
2.789202882056113220e-02
2.674037830930493104e-02
2.831122059178158706e-02
2.788526766296080261e-02
2.756073209814496536e-02
2.808584867177059061e-02
2.864927847179808348e-02
2.843066770938741661e-02
2.869886029420050388e-02
2.845320490138851521e-02
2.853433879259247713e-02
2.900085866701524254e-02
2.937948349263371992e-02
2.926454381342811009e-02
3.005109181426649304e-02
3.010292735586902330e-02
2.981670501745505367e-02
2.868759169819995458e-02
3.040041829028353876e-02
3.017504637027254230e-02
3.037111994068211057e-02
3.056268607269145912e-02
3.080608774630333793e-02
3.260004822959088056e-02
3.316347802961838037e-02
3.237016887117966091e-02
3.166926219994545960e-02
3.106526545431598577e-02
3.292458379440672128e-02
3.439400871287842665e-02
3.277133088879924383e-02
3.395453346885698304e-02
3.368859460324400562e-02
3.444359053528085052e-02
3.458782856408788853e-02
3.557946501213627571e-02
3.484925999130064622e-02
3.730806763862063585e-02
3.708269571860963593e-02
3.767091642983833727e-02
3.722693374741667394e-02
3.641559483537708253e-02
3.761457344983559076e-02
3.942656368672401573e-02
3.922598267791423121e-02
3.924175871231500023e-02
3.754696187383229494e-02
3.942881740592412559e-02
4.099965968840078162e-02
4.088246628999506194e-02
4.335254253331560087e-02
4.218962342605885041e-02
4.278685901408799813e-02
4.302575324929965722e-02
4.430135831656190765e-02
4.411880706135299507e-02
4.525242781900831734e-02
4.570767909743053692e-02
4.920770501520133761e-02
4.718161145430246201e-02
4.829044130075657582e-02
4.877724464798032650e-02
4.881105043598198134e-02
4.872090166797757999e-02
4.987255217923378114e-02
5.168904985452242584e-02
5.506512121628717726e-02
5.516653858029212792e-02
5.522738899869509416e-02
5.563080473551478000e-02
5.730531810119649655e-02
5.720840817559177255e-02
5.914209924928613693e-02
5.987455798932187628e-02
6.201333751022625185e-02
6.232435075984142647e-02
6.089774650617180846e-02
6.462990550155393865e-02
6.778285866250780001e-02
6.590551056881618908e-02
6.933567119138357715e-02
7.261708634674371443e-02
6.953850591939347847e-02
7.126260110747761889e-02
7.484376091645238149e-02
7.236241607713128632e-02
7.687886935415168266e-02
7.857817363103461461e-02
7.837533890302471329e-02
8.234864585281861937e-02
8.327041700566359395e-02
8.510494443455311753e-02
8.607629740980052291e-02
8.695975533624362985e-02
8.875146210033106609e-02
9.234614422450648785e-02
9.522865108144715207e-02
9.770548848236802753e-02
9.620901893349499689e-02
1.005654581473075931e-01
1.033104881330415559e-01
1.052824924331377809e-01
1.085255943620960506e-01
1.093076349245342138e-01
1.142252502191741931e-01
1.124808715582890639e-01
1.158772263928548041e-01
1.181963034497679754e-01
1.248132230212908866e-01
1.242610618172639431e-01
1.278963108870413423e-01
1.295032126767197700e-01
1.300328366887456011e-01
1.351623015881959211e-01
1.372943199514999602e-01
1.400393499372339090e-01
1.419279666269260831e-01
1.465954190903538679e-01
1.486688407544550505e-01
1.507557847337568924e-01
1.571833918924705475e-01
1.624142741559258252e-01
1.639648329656014925e-01
1.694729226906702690e-01
1.707034533739303361e-01
1.725988312212228259e-01
1.795876144607638780e-01
1.813635451904505314e-01
1.826752097649145534e-01
1.878362267331664115e-01
1.906556294525039996e-01
1.973198771272292040e-01
2.014937650858328877e-01
2.063572911196702442e-01
2.153428695705087437e-01
2.174591118994119998e-01
2.229491718708799253e-01
2.244185967893516376e-01
2.260007076678288429e-01
2.312225750544836533e-01
2.385516698932413082e-01
2.397596633845002767e-01
2.402577353277245698e-01
2.542262869300062622e-01
2.556799358140771639e-01
2.590830518062432475e-01
2.650148407409327334e-01
2.675299913682554487e-01
2.694028320235468676e-01
2.724453529436953181e-01
2.776469368575491536e-01
2.860014739323568644e-01
2.846109291858890389e-01
2.951560813232035896e-01
2.946422333455785414e-01
3.022778339955511373e-01
3.001007412482449288e-01
3.069993757197815865e-01
3.096835552871125552e-01
3.153719425481901761e-01
3.231810795765712174e-01
3.241344027982177578e-01
3.268478807151501964e-01
3.359912195099963861e-01
3.342107813419095130e-01
3.386280709741250616e-01
3.425179903135148751e-01
3.421055596998947568e-01
3.496419967050625188e-01
3.462028212056946774e-01
3.541426739476821739e-01
3.572640750398344833e-01
3.573519700886387818e-01
3.633085499345294345e-01
3.605252067223936319e-01
3.678227494923497765e-01
3.711086720861100918e-01
3.779982916808463100e-01
3.811354688073994024e-01
3.835987838931196325e-01
3.839616326843373062e-01
3.872047346132955759e-01
3.871303618796919643e-01
3.971075767785788302e-01
3.975515594610005143e-01
3.952234675272869313e-01
3.990773273594749870e-01
3.983268388658383619e-01
4.047048642021495723e-01
4.057325601573997242e-01
4.018629242908108856e-01
4.070329561358632109e-01
4.124508970929275931e-01
4.147699741498407922e-01
4.133546384921716887e-01
4.155024328898765384e-01
4.215131019965698278e-01
4.288647340273286090e-01
4.252024403271498776e-01
4.252001866079497816e-01
4.299622952777821805e-01
4.394256621990439982e-01
4.431916269824277554e-01
4.404060300510918013e-01
4.417943210783595864e-01
4.450351692881177046e-01
4.505477664515867287e-01
4.547577139173921701e-01
4.619020037817408442e-01
4.725125137758586225e-01
4.772926521992919002e-01
4.799204887866201363e-01
4.876349696085965912e-01
4.976752886450865332e-01
5.057436033814802778e-01
5.105305029625138991e-01
5.160295778107822917e-01
5.274829787857411301e-01
5.346340298076901476e-01
5.535111818278113383e-01
5.607298444257635683e-01
5.713290858238808667e-01
5.884618591831168866e-01
5.932667885177513867e-01
6.163989623876802160e-01
6.349470714045853947e-01
6.429703117569769422e-01
6.578538733545032935e-01
6.668687501549431795e-01
6.723700787224116127e-01
6.866586584511089608e-01
6.962076667019749809e-01
7.055222881560294645e-01
6.991172181893169357e-01
6.986687280684950041e-01
6.936158896218485026e-01
6.932891003378325312e-01
6.795977561971643377e-01
6.677071336973841031e-01
6.544349813279364270e-01
6.471351848387801864e-01
6.252019895833098584e-01
6.069941921656213379e-01
5.797805328242933154e-01
5.567700597911703353e-01
5.265341630024948927e-01
5.065166290671180294e-01
4.779169324177223732e-01
4.559183793054488176e-01
4.263450759616056462e-01
3.985364347514485650e-01
3.763553303839661246e-01
3.527318457284133180e-01
3.322703291106147705e-01
3.069092269517771920e-01
2.872297508964168355e-01
2.666780855106138937e-01
2.463134788184200841e-01
2.307267568304594563e-01
2.158138968833317184e-01
2.028234594138977887e-01
1.837051594393648013e-01
1.705592153451232773e-01
1.614789806878801637e-01
1.512606178345815289e-01
1.437985535630173783e-01
1.318200360144328176e-01
1.272089265310077932e-01
1.201592928730637749e-01
1.115929061934457373e-01
1.077345389228574479e-01
1.026118351810074575e-01
9.804805380078474020e-02
9.870613980721686109e-02
9.860922988161213709e-02
9.539542630225529563e-02
9.692570163912997416e-02
9.674765782232128131e-02
9.926280844964402439e-02
1.025352087282037222e-01
1.035696658410542037e-01
1.037927840418650938e-01
1.070989901084264256e-01
1.126341244638965483e-01
1.186425398513897556e-01
1.196093853882369412e-01
1.226113393627834280e-01
1.357347462650238534e-01
1.399041267852273174e-01
1.478056663008129046e-01
1.548800908699581591e-01
1.651953636488615318e-01
1.726168609748237048e-01
1.759996934941887858e-01
1.919920849381692163e-01
2.058186522308439459e-01
2.138937281248380062e-01
2.295187633392005155e-01
2.385742070852424346e-01
2.496377146385823087e-01
2.674263202850504229e-01
2.811987983169225158e-01
2.976982765809276787e-01
3.132669688152874277e-01
3.213871190932837130e-01
3.360520699283993662e-01
3.490199702058321973e-01
3.568448832686140215e-01
3.714512374045268461e-01
3.853814757804066016e-01
4.000915009995244520e-01
4.045606261733425413e-01
4.144183939546235984e-01
4.225813648974219849e-01
4.249838295647392350e-01
4.325225202891070930e-01
4.243122212431064133e-01
4.218511598765863346e-01
4.052164584605745801e-01
3.991133868666767448e-01
3.802722943537573119e-01
3.490109553290317579e-01
3.153223607257877315e-01
2.812551412969252485e-01
2.459776746576037010e-01
2.041328702691616870e-01
1.693286846618632380e-01
1.355747322018160395e-01
1.058301461987645048e-01
8.316674592245854036e-02
6.272325905826089953e-02
4.680524034788409449e-02
3.480418560729844207e-02
2.564732449725158972e-02
1.846472140650107924e-02
1.321806310864504126e-02
1.079080753012659141e-02
7.876748604384385677e-03
6.296891445107288474e-03
5.093405392248557921e-03
3.898934216190268112e-03
3.288176312960462960e-03
2.853208507339236467e-03
2.501628312122079582e-03
2.826163876937916840e-03
2.361897721715260426e-03
2.156809274505252279e-03
2.102720013702612592e-03
1.940452231294693963e-03
2.003556368897773526e-03
2.379927475316140611e-03
2.150048116904922264e-03
1.494215829672917734e-03
1.841288586489854898e-03
1.728602626484355802e-03
1.784945606487105350e-03
1.807482798488205256e-03
1.658737331280946440e-03
1.636200139279846534e-03
1.095307531253450961e-03
1.498723268073137672e-03
1.377022431267198701e-03
1.893124128092384508e-03
1.282366224862579573e-03
1.550558809675667282e-03
1.742124941685015615e-03
1.688035680882376145e-03
1.674513365681716331e-03
1.426604253669618233e-03
1.361246396866428810e-03
1.345470362465658919e-03
1.406320780868628405e-03
1.399559623268298606e-03
1.933691073694364165e-03
1.264336471261699605e-03
1.584364597677316924e-03
1.379276150467308778e-03
1.645215016080286410e-03
1.316172012864229215e-03
1.609155508878526691e-03
1.334201766465108966e-03
1.940452231294693963e-03
1.379276150467308778e-03
1.550558809675667282e-03
1.455902603271048154e-03
1.207993491258950057e-03
1.476186076072037983e-03
1.390544746467858514e-03
1.586618316877427002e-03
1.347724081665768996e-03
1.604648070478306753e-03
1.230530683260049963e-03
1.814243956088535054e-03
1.500976987273247749e-03
1.663244769681166378e-03
1.404067061668518544e-03
1.566334844076437173e-03
1.929183635294144227e-03
