4.816644231798187376e-02
4.549303204900751602e-02
4.641671031609696796e-02
4.483594385087476958e-02
4.685226592171638782e-02
4.823027374294334285e-02
4.630782141469211993e-02
4.636038847054273909e-02
4.513632702716402489e-02
4.560567574011598763e-02
4.916146158944002809e-02
4.914268764092195180e-02
5.073096368555138347e-02
4.719019699504180265e-02
4.841050364871689327e-02
4.608253403247517671e-02
4.676215096882961608e-02
4.753563764777444384e-02
4.707755330393333104e-02
4.823778332235057614e-02
4.812138484153848789e-02
4.912766848210748521e-02
4.973594441409322914e-02
5.054322420037059976e-02
4.798245762250470670e-02
4.887609757196523935e-02
5.076100200318030969e-02
4.801249594013363292e-02
5.074598284436584311e-02
4.891364546900139193e-02
5.017900959911987535e-02
5.280360760194723058e-02
5.056199814888867605e-02
5.159456531738298990e-02
5.053195983125974983e-02
4.955571450831967872e-02
5.122659592642864884e-02
5.263464206528453010e-02
5.331050421193535283e-02
5.432054264220796680e-02
5.096751543687916969e-02
5.276230491520746135e-02
5.243939300069651310e-02
5.269847349024599226e-02
5.273602138728215177e-02
5.265341601380260639e-02
5.340437395452574121e-02
5.371602149992583952e-02
5.509778411085641120e-02
5.377234334548007533e-02
5.673111763192922874e-02
5.568728609432407189e-02
5.874743970277084698e-02
5.403142383502956142e-02
5.566851214580599561e-02
5.702774601851486741e-02
5.759096447405721853e-02
5.739947019917281817e-02
5.634812908216042804e-02
6.013295710340502837e-02
5.760222884316806846e-02
5.713663491991972238e-02
5.982506434770854670e-02
5.623548539105196337e-02
5.963732486252776299e-02
5.764728631961145433e-02
5.914544741135410733e-02
6.172123314803446004e-02
6.101157789405110138e-02
6.139456644381989514e-02
5.916797614957580026e-02
5.956598385815906754e-02
6.082008361916670103e-02
6.104912579108725396e-02
5.976498771245069425e-02
6.320812987066626309e-02
6.102659705286556102e-02
6.260360872838414970e-02
6.326820650592411555e-02
6.191272742291886039e-02
6.374881958798692128e-02
6.413931771716295527e-02
6.288146316645169820e-02
6.498790019018009512e-02
6.204414506254540829e-02
6.409801503042318604e-02
6.408299587160871946e-02
6.697793873309640378e-02
6.423694224945696030e-02
7.060506558678915356e-02
6.610682752185756406e-02
6.726330275057119945e-02
6.803678942951602027e-02
6.592284282638040394e-02
6.496161666225479248e-02
6.766131045915445286e-02
6.719571653590611371e-02
6.579893476616108239e-02
6.838973966165590168e-02
6.701924141983617300e-02
6.787533347226054614e-02
6.985786243576963539e-02
6.896046769660547915e-02
6.994046780924917384e-02
7.209571709912457327e-02
6.851740251157882600e-02
7.176905039491000837e-02
6.986912680488047145e-02
7.064636827352892279e-02
6.901678954215971495e-02
7.282414630162600822e-02
7.575663706014985899e-02
7.364269045701422878e-02
7.074774759552654446e-02
7.374031498930823381e-02
7.258008497089099564e-02
7.490429979742908861e-02
7.532483624423405577e-02
7.481418484454231688e-02
7.740498974003713617e-02
7.608330376436442388e-02
7.717219277841295966e-02
7.422468286107465618e-02
7.628606240835966723e-02
7.926736543303050664e-02
7.835870632475551434e-02
7.933870643739920903e-02
8.017977933100911558e-02
8.130997103179743446e-02
7.999203984582833882e-02
7.978177162242586218e-02
7.677418506982970625e-02
7.842629253942060008e-02
8.401717440810434201e-02
8.107717407017325795e-02
7.691311228886348050e-02
8.066039241307192131e-02
7.893694393911232510e-02
8.335257663056436228e-02
8.277433901620755152e-02
8.124238481713234872e-02
8.156905152134691361e-02
8.108468364958049124e-02
8.178307453445300690e-02
8.212100560777842173e-02
7.927862980214135658e-02
8.378813223618378214e-02
8.326621646738120719e-02
8.408851541247303052e-02
8.435886027113335961e-02
8.363043106863192466e-02
8.697594869455349542e-02
8.529755769703728507e-02
8.390828550669948704e-02
8.289073749701963978e-02
8.512483737067096101e-02
8.516989484711434688e-02
8.413732767862003303e-02
8.344269158345113402e-02
8.577817077910009080e-02
8.809487602623096436e-02
8.757296025742837553e-02
9.022759657788466392e-02
8.799725149393695933e-02
8.537265349110959023e-02
8.817748139971050281e-02
8.598468421279895080e-02
8.917250067116866408e-02
8.804981854978757849e-02
8.690836247988840968e-02
8.788085301312487108e-02
8.911242403591081163e-02
9.159058524029715931e-02
8.895096807865533750e-02
8.837273046429852674e-02
9.066690697320770043e-02
9.181962741221770530e-02
9.361817168024962055e-02
9.116629400378858938e-02
9.334407203188567481e-02
9.512759714110312348e-02
9.351679235825199887e-02
9.687732914298802234e-02
9.729411080008935897e-02
9.736169701475444471e-02
9.492483849710788013e-02
9.676844024158316737e-02
9.550683090116830753e-02
9.457564305467161536e-02
9.656943638729154067e-02
9.731663953831105884e-02
9.960706125751661588e-02
9.750813381319545226e-02
1.004218506232012198e-01
1.000200881249143497e-01
1.017660653370956320e-01
9.976100763536485672e-02
1.029000118275875675e-01
1.016759503842088602e-01
1.053706634525666819e-01
1.073456828366685240e-01
1.021528086765680493e-01
1.090278286238883509e-01
1.062305102946946717e-01
1.102068325908236723e-01
1.044807782928097589e-01
1.099214685733488767e-01
1.108376372610311023e-01
1.129140359671305660e-01
1.113032311842794414e-01
1.110216219565082763e-01
1.120241508073736569e-01
1.121780971852218978e-01
1.149453771967866578e-01
1.153959519612205303e-01
1.161694386401653650e-01
1.150430017290806628e-01
1.123207791939592887e-01
1.160079826829098909e-01
1.203672935288076784e-01
1.175211629334670105e-01
1.228003972567506402e-01
1.214374085943381587e-01
1.213660675899694563e-01
1.201757992539232850e-01
1.258567960754937987e-01
1.246552633703367913e-01
1.231270639609652051e-01
1.256765661697202552e-01
1.238742671119847233e-01
1.262022367282264468e-01
1.260895930371179752e-01
1.268180222396194101e-01
1.263749570545927570e-01
1.288869113663116406e-01
1.296453788864420087e-01
1.347068354069159424e-01
1.315490572661751623e-01
1.345378698702532350e-01
1.351010883257955930e-01
1.325253025891152403e-01
1.395054566481367664e-01
1.373314334097432976e-01
1.351536553816462261e-01
1.414654568734241558e-01
1.375379468434421715e-01
1.334226973282793827e-01
1.402977172755996982e-01
1.387845370250425647e-01
1.416569511483085630e-01
1.431738861885692993e-01
1.380223147152085938e-01
1.417132729938627989e-01
1.417057634144555656e-01
1.468535800981126682e-01
1.419047672687472061e-01
1.400161080478285192e-01
1.468986375745560402e-01
1.466583310335246304e-01
1.512729675792683082e-01
1.506421629090608783e-01
1.537961862600980278e-01
1.553469144076913000e-01
1.572280640492027537e-01
1.550465312314020516e-01
1.603220107649820925e-01
1.648953446239859733e-01
1.673997893562976236e-01
1.642345016361496102e-01
1.690631611949993673e-01
1.728179508986150414e-01
1.740607862905118319e-01
1.763512080097174028e-01
1.826517451323844965e-01
1.883740446406947933e-01
1.875329717470848867e-01
1.941263824666339954e-01
1.924404818897105518e-01
2.034607896698225615e-01
2.076511349790576555e-01
2.041741997135095577e-01
2.088338937356966074e-01
2.119691431382156876e-01
2.034983375668587280e-01
2.005846207568529604e-01
2.055672266935509584e-01
2.020527435309666942e-01
1.898008647280687300e-01
1.925155776837828847e-01
1.882839296878080215e-01
1.804514383660657251e-01
1.750220124546374434e-01
1.667990230037191268e-01
1.622594822520477820e-01
1.526134275034591037e-01
1.400836942624935910e-01
1.321685975672717561e-01
1.275201679141955424e-01
1.200931938804437465e-01
1.129365647053522659e-01
1.055246098304149227e-01
9.891617995205133351e-02
9.320139002314828391e-02
8.689334332107394310e-02
8.011970269575126313e-02
7.412330353907703451e-02
6.977525706229008307e-02
6.617441373652264980e-02
5.827809098981889119e-02
5.480115572427077253e-02
4.950690224217266927e-02
4.764452654917929880e-02
4.390851079408170099e-02
3.982705438625146199e-02
3.752536829793505502e-02
3.317356703144448693e-02
3.238506119368519259e-02
2.869034812532737094e-02
2.663647815744959665e-02
2.528099907444433803e-02
2.462391087631159506e-02
2.255126695991574101e-02
2.048237783322350708e-02
1.978774173805460460e-02
1.714436978670916961e-02
1.528950367312302723e-02
1.589402481540515277e-02
1.418559550026001967e-02
1.424942692522148530e-02
1.182758756638937515e-02
1.159479060476520385e-02
1.072743418322998250e-02
1.010038430272616576e-02
1.026184025998163989e-02
8.234253820029175178e-03
8.703602532981134440e-03
7.663525785079592506e-03
7.197931861831248154e-03
7.179157913313170131e-03
5.827433620011527281e-03
5.433180701131880980e-03
5.207893318914941228e-03
4.719770657444903074e-03
4.423142270859265271e-03
4.584598228114738529e-03
3.968812716721768254e-03
4.325517738565257640e-03
4.197854888642324651e-03
3.537011900805965472e-03
3.582069377249353509e-03
3.473180475844498977e-03
3.552031059620428151e-03
3.450651737622805176e-03
3.893716922649454858e-03
2.996322183485308592e-03
3.540766690509581250e-03
3.030115290817849728e-03
3.075172767261237766e-03
2.639617161641819205e-03
3.000076973188923937e-03
2.864904543858759825e-03
2.294176508909177153e-03
2.466896835275498179e-03
2.384291461795953661e-03
1.944981066472919540e-03
2.185287607504322622e-03
2.170268448689859943e-03
2.087663075210314991e-03
2.031341229656080053e-03
1.978774173805460460e-03
1.708429315145132020e-03
2.358007933870643648e-03
2.358007933870643648e-03
2.136475341357318807e-03
2.102682234024777670e-03
1.843601744475296348e-03
2.061379547285005411e-03
1.370498241819721307e-03
1.794789478328292533e-03
2.068889126692236968e-03
2.061379547285005411e-03
1.460613194706497382e-03
1.738467632774057378e-03
1.494406302039038518e-03
1.453103615299266042e-03
1.539463778482426555e-03
1.340459924190795949e-03
1.715938894552363359e-03
1.960000225287382002e-03
1.317931185969101930e-03
1.381762610930568208e-03
1.791034688624676754e-03
1.678390997516206662e-03
1.486896722631807178e-03
1.670881418108975322e-03
1.644597890183665525e-03
1.460613194706497382e-03
1.768505950402982736e-03
1.531954199075195215e-03
1.603295203443893049e-03
1.697164946034284902e-03
