3.072926094317322832e-02
2.942491774652086431e-02
3.373723607014704473e-02
3.219864348307548141e-02
2.865295952809395613e-02
3.105401577989075346e-02
3.229447277915606374e-02
3.190583174505148140e-02
3.286944855563955076e-02
3.221461503242224744e-02
3.513740856287998759e-02
3.239562592501889909e-02
3.186856479657570324e-02
3.399810470947751961e-02
3.316758414344581074e-02
3.103272038076173786e-02
3.252872216957526652e-02
3.410458170512260800e-02
3.247548367175271539e-02
3.525453325808958899e-02
3.522791400917831689e-02
3.516402781179125969e-02
3.539827720221046248e-02
3.360413982559068424e-02
3.624476931758893739e-02
3.823056528636988027e-02
3.919950594674020961e-02
3.907173355196609521e-02
4.008326501059446267e-02
3.885345571089365846e-02
3.496172152006558898e-02
3.847013852657133609e-02
3.845416697722457006e-02
3.837963308027300680e-02
3.913561974935315241e-02
4.185610698808522184e-02
3.993419721669133615e-02
4.126515966225496879e-02
4.255885515934282326e-02
3.792710584878137420e-02
4.245770201347998790e-02
4.212762332698020279e-02
4.411341929576115262e-02
4.077536548228755109e-02
4.283569534802005724e-02
4.297411544235867770e-02
4.740355846119445604e-02
4.470436662159140567e-02
4.526869469851038663e-02
4.624828305844522203e-02
4.755795010487984253e-02
4.491732061288158939e-02
4.792529573985540581e-02
4.758989320357336766e-02
4.591820437194544385e-02
4.723851911794457042e-02
5.106104326160332968e-02
4.898474184652405750e-02
5.028908504317642497e-02
5.157213284069976644e-02
5.259431199889263997e-02
5.200868852284463995e-02
5.377088280077089305e-02
5.478241425939925358e-02
5.627841604821278571e-02
5.686403952426078573e-02
5.265287434649743720e-02
5.422341003226253259e-02
5.513911219481031079e-02
5.808852497417932997e-02
5.714620356272027274e-02
5.957920291321060213e-02
6.152240808373350689e-02
6.054281972379867149e-02
6.278948433191008927e-02
6.333784085948231113e-02
6.494564349372318468e-02
6.254458724192638042e-02
6.234760479998296273e-02
6.319942076514369067e-02
6.714971730357656432e-02
7.388971112791081763e-02
7.039194182096958352e-02
7.024287402706645700e-02
7.244162398713757667e-02
7.239903318887953854e-02
7.605651798928841911e-02
7.637594897622368428e-02
7.745136663223910201e-02
7.497577648349074142e-02
7.750460513006164620e-02
7.854275583760128576e-02
8.238657538038907102e-02
8.280183566340491852e-02
8.629960497034615263e-02
8.312126665034019757e-02
8.603873633101567775e-02
9.091538273156084260e-02
9.761278575763705778e-02
9.113898442241553932e-02
9.308751344272070405e-02
9.864561261539443737e-02
9.547792199495298837e-02
9.804401758999968519e-02
1.007219140304737165e-01
1.017973316864891342e-01
1.011052312147960458e-01
1.058168382720913181e-01
1.099534695529030964e-01
1.135843351044006910e-01
1.130945409244332733e-01
1.132702279672476720e-01
1.111726311530393807e-01
1.178593864795510898e-01
1.165763386820277414e-01
1.240936145745711594e-01
1.280758542116975651e-01
1.286614776877455513e-01
1.314937657719049691e-01
1.297635145926722411e-01
1.344165593023627370e-01
1.357528455977086157e-01
1.382231118966747163e-01
1.390216893640129070e-01
1.433180361382923318e-01
1.493925487398447549e-01
1.495735596324413996e-01
1.472523611273784394e-01
1.521556267768348625e-01
1.541733658443093236e-01
1.611103421105870015e-01
1.574688288595249008e-01
1.645389013703589254e-01
1.694102239211218441e-01
1.683028631664129082e-01
1.732433957643451095e-01
1.711191797012255600e-01
1.770712437577861287e-01
1.807234047084127493e-01
1.786311317439867041e-01
1.878254203179403059e-01
1.941235346103474257e-01
2.019868607387373949e-01
2.016248389535440777e-01
2.007836706879478628e-01
2.060702535217266429e-01
2.074384829157660537e-01
2.064322753069199323e-01
2.054154199985093188e-01
2.182352502741782552e-01
2.202157223931769658e-01
2.232130498205862623e-01
2.237347870992472121e-01
2.277596175346316421e-01
2.362618056368921415e-01
2.307835642109522245e-01
2.397755464931801417e-01
2.415057976724128697e-01
2.378216936230927170e-01
2.419263818052109771e-01
2.481393145011020485e-01
2.452218448204265544e-01
2.578287211048053140e-01
2.644995048819702710e-01
2.663255853572835674e-01
2.623326980205926695e-01
2.626681005568746730e-01
2.697168776685797131e-01
2.703397680931035052e-01
2.761001735575028815e-01
2.782137419210579665e-01
2.799120500015971347e-01
2.789218139420978071e-01
2.823184301031761989e-01
2.862740504913913187e-01
2.777612146895663270e-01
2.809289053100077482e-01
2.963787173781104456e-01
3.036830392793636868e-01
2.946111992504019672e-01
2.969803124035051978e-01
3.024532299796628965e-01
3.054026427590318948e-01
3.086129241777313958e-01
3.038534024723958393e-01
3.154806903968397358e-01
3.132074065398170459e-01
3.098693527263434722e-01
3.195001969824419197e-01
3.227690407487462387e-01
3.176315257088705990e-01
3.236474759628182318e-01
3.255960049831234104e-01
3.241851847908259199e-01
3.310848941086278474e-01
3.234611412204393410e-01
3.314469158938211368e-01
3.283111683720731921e-01
3.230405570876412336e-01
3.332570248197876950e-01
3.408062438110246450e-01
3.449801420403121877e-01
3.399065131978236121e-01
3.468754325627947943e-01
3.499898846854136991e-01
3.484938828966002156e-01
3.524761225337265658e-01
3.600679323232215956e-01
3.660146725299999182e-01
3.668931077440719113e-01
3.649605502731134710e-01
3.788504743550156206e-01
3.779933345400726119e-01
3.762417879617108718e-01
3.754378866445904350e-01
3.912497204978864218e-01
3.844831074246409242e-01
3.933473173120947131e-01
3.980163335711319750e-01
4.091272080666971678e-01
4.145894779432903743e-01
4.089887879723585473e-01
4.109532885420105197e-01
4.229213028525187212e-01
4.287562422138697094e-01
4.465059573879063270e-01
4.423533545577478243e-01
4.401865476963702228e-01
4.497907727035573844e-01
4.585218863464548544e-01
4.725981451707358394e-01
4.749246675255811012e-01
4.817977575944716873e-01
4.853913561974935176e-01
4.990470308889764506e-01
5.002608686393305026e-01
5.074107988968983296e-01
5.118988042633388913e-01
5.289457712661179700e-01
5.212794275796713839e-01
5.258259952937167636e-01
5.294515369954321260e-01
5.349989884685413255e-01
5.425907982580363553e-01
5.330770786971474884e-01
5.344932227392271695e-01
5.369954321368868300e-01
5.456839549815262203e-01
5.272314916362319526e-01
5.313787706166083202e-01
5.280353929533524449e-01
5.138633048329908082e-01
5.121117582546290681e-01
5.028482596335062116e-01
4.864933931024202352e-01
4.731305301489613369e-01
4.587934026853498493e-01
4.440410149387225003e-01
4.282983911325958237e-01
4.058370689012638644e-01
3.944706496161504150e-01
3.725363885132617070e-01
3.461247697434969295e-01
3.376545247399299621e-01
3.238444584047616703e-01
3.007975126973817526e-01
2.779848163804209960e-01
2.623806126686329399e-01
2.512218235250274212e-01
2.390089121245354831e-01
2.210888337574667128e-01
2.035520725747202442e-01
1.887624178796171170e-01
1.861430837867478760e-01
1.773640554958101356e-01
1.650712863485843951e-01
1.544661775823333305e-01
1.416250519075353820e-01
1.342408722595483384e-01
1.246419711021433813e-01
1.164006516392133428e-01
1.093891414759841085e-01
1.099428218533385904e-01
1.034583728185525520e-01
9.867755571408796944e-02
9.777250125110470425e-02
9.586123917927531768e-02
9.334838208205117893e-02
8.775833981068389966e-02
8.745488037309538665e-02
9.504669016259037484e-02
9.307154189337393801e-02
9.324190508640607666e-02
9.726673552179052051e-02
9.527029185344505768e-02
1.007858002278607668e-01
1.048532214615032487e-01
1.091229489868713876e-01
1.111566596036926285e-01
1.224219257429432356e-01
1.274316683880447609e-01
1.348903819329833886e-01
1.436481148247921169e-01
1.579852422884035767e-01
1.692132414791784334e-01
1.806169277127676609e-01
1.861324360871833561e-01
2.003311434564562232e-01
2.151953320485109067e-01
2.221802229628288827e-01
2.454081795628054452e-01
2.579777888987084267e-01
2.681143988841210857e-01
2.823556970516519771e-01
2.934239807489592011e-01
3.073990864273773438e-01
3.060202093337734408e-01
3.125259537676884913e-01
3.265330025448002216e-01
3.275924486514688594e-01
3.258941405709296357e-01
3.211665619642876113e-01
3.110299519788749523e-01
3.035925338330653922e-01
2.909909813984688509e-01
2.761001735575028815e-01
2.612306611156659519e-01
2.437205191818307692e-01
2.215147417400470664e-01
1.963222845704185593e-01
1.771617492040844510e-01
1.640011925423512373e-01
1.391867287072627857e-01
1.161131637509715958e-01
1.043581034317535711e-01
8.502188102260506419e-02
7.443274380570077953e-02
6.117103399810470965e-02
5.562890637477772848e-02
4.506106455700246288e-02
3.935922144020784219e-02
3.019155211516551945e-02
2.570354674872493694e-02
2.189167030463068375e-02
1.809044156010094009e-02
1.468850154924028657e-02
1.311264201369294162e-02
1.157937327640363306e-02
8.848238338107052361e-03
8.512835801825015952e-03
7.991098523164069656e-03
6.335381240882907543e-03
5.057657293141816501e-03
4.956504147278980275e-03
3.625541701715344605e-03
3.375320761949380990e-03
3.114452122618908275e-03
3.141071371530180806e-03
2.795021135683635732e-03
2.842935783723926461e-03
2.960060478933526553e-03
1.943205170522908443e-03
1.810108925966544919e-03
2.283931556587199402e-03
2.486237848312871854e-03
2.092272964426035615e-03
1.384200943386181383e-03
1.730251179232726675e-03
1.666364981845672296e-03
1.682336531192435945e-03
1.149951552966981417e-03
1.655717282281163197e-03
1.975148269216435958e-03
1.762194277926253973e-03
1.378877093603926834e-03
1.645069582716654098e-03
1.144627703184726867e-03
1.070093806233163389e-03
1.155275402749235967e-03
1.469382539902254177e-03
1.469382539902254177e-03
1.448087140773235979e-03
1.373553243821672284e-03
1.565211835982835854e-03
1.405496342515199582e-03
1.842052024660072217e-03
1.677012681410181396e-03
1.458734840337745078e-03
1.730251179232726675e-03
1.969824419434181191e-03
1.692984230756945044e-03
1.059446106668654290e-03
1.623774183587635899e-03
1.187218501442763264e-03
1.139303853402472318e-03
1.336286295345890437e-03
9.795883599348360459e-04
1.400172492732945032e-03
1.905938222047126812e-03
1.858023574006835866e-03
1.756870428143999423e-03
