3.057635822159963934e-02
3.253452334285167336e-02
3.082530900551593359e-02
3.170592595757804055e-02
3.100737748927560877e-02
3.107425978943222436e-02
3.291723872708120224e-02
3.165762207413160001e-02
3.058007390494167296e-02
3.373840474567076780e-02
3.090705403904068366e-02
3.400964962963926030e-02
3.253823902619371045e-02
3.352661079517481324e-02
3.482709996488679571e-02
3.509462916551325806e-02
3.557023663329363788e-02
3.447039436405150564e-02
3.439979638055285643e-02
3.538816814953395923e-02
3.679641213616493406e-02
3.620561848478148770e-02
3.648801041877609147e-02
3.833842072310913313e-02
3.680384350284900130e-02
3.476764903141424390e-02
3.547734454974278001e-02
3.815263655600742432e-02
3.837557755652947628e-02
3.921532199182921341e-02
3.893664574117664673e-02
3.795570533887961118e-02
3.844617554002812548e-02
3.938624342556278773e-02
3.903325350806953475e-02
3.877687135746917674e-02
3.868769495726034902e-02
4.072017374535307627e-02
4.038576224456999486e-02
4.105086956279412058e-02
4.095054611255919547e-02
4.056039936164559934e-02
4.257429973302815501e-02
4.425378860362762234e-02
4.191290809814605944e-02
4.426493565365372668e-02
4.777997209521810118e-02
4.460306283777883823e-02
4.524587605595076223e-02
4.647948292550612565e-02
4.633085559182475305e-02
4.715573729375634876e-02
4.879063796425141264e-02
4.678045327621089405e-02
4.943345118242332970e-02
5.026947993438102974e-02
5.151051817062046040e-02
5.164799845427572866e-02
5.181520420466727284e-02
5.294477194064567405e-02
5.426012384372579100e-02
5.253976245636394343e-02
5.290761510722533090e-02
5.416723176017493313e-02
5.572038739714524347e-02
5.676449441625686099e-02
5.523363287933875931e-02
5.599906364779781015e-02
5.866320860403635012e-02
5.941377663912725954e-02
6.252751927975194746e-02
6.651816318909670178e-02
6.367194974909848315e-02
6.436678253405887784e-02
6.571185990387527764e-02
6.984369978021733039e-02
7.241123696956297540e-02
6.956502352956475677e-02
6.814191680956566133e-02
6.878844571107961547e-02
7.128166923358457419e-02
7.054596393186179926e-02
7.199879611859717754e-02
7.679574331316336988e-02
7.774695824872412953e-02
7.798104629927228582e-02
8.259964069342082271e-02
8.294148356088797136e-02
8.394100237989518543e-02
8.690240200349645672e-02
8.773843075545416370e-02
8.682437265331373333e-02
8.921355704224175065e-02
8.974489976015263826e-02
9.409968063701674990e-02
9.672666875983494672e-02
9.465703313832188326e-02
1.013378317872994233e-01
1.014455866042184157e-01
1.020215175222337206e-01
1.039499571767494857e-01
1.059044066146594826e-01
1.116562844281284717e-01
1.096386683734038858e-01
1.100771190077639156e-01
1.149037916690663769e-01
1.134138026489106554e-01
1.158327125045749417e-01
1.201614835980448076e-01
1.209454927832140231e-01
1.246203036084858745e-01
1.320665330259224723e-01
1.293392214528693573e-01
1.325830130104652116e-01
1.362503924690529888e-01
1.377701069559449931e-01
1.393975762597559898e-01
1.431689948519207223e-01
1.514363902879468926e-01
1.506523811027776494e-01
1.507527045530125953e-01
1.558469064149415051e-01
1.556388281477875946e-01
1.575189639188569191e-01
1.644301349350405783e-01
1.715828253684564542e-01
1.738122353736769876e-01
1.737750785402566445e-01
1.822914247601990778e-01
1.796830150540910664e-01
1.858138925684475196e-01
1.856318240846878409e-01
1.940404154877113097e-01
1.978750006966906172e-01
1.983171670143926979e-01
2.058860139821164226e-01
2.037272019603945383e-01
2.096908737243594611e-01
2.147442030695260184e-01
2.148891147198653540e-01
2.180734553439886703e-01
2.237101469738546067e-01
2.289195350193865830e-01
2.304318181395945131e-01
2.354814318014190333e-01
2.378000182068483737e-01
2.368042150711832106e-01
2.404307220130086076e-01
2.437525429207872130e-01
2.549739066137305388e-01
2.547212401464722387e-01
2.624684399146136049e-01
2.606923432771212634e-01
2.659946234062040560e-01
2.700893064491257656e-01
2.748899693270340228e-01
2.760566938964327810e-01
2.793562207041591638e-01
2.879728903743365431e-01
2.839450896315714457e-01
2.919895440670755016e-01
2.936430231542807578e-01
2.898864672954841182e-01
3.042029952123420089e-01
3.047900731803834251e-01
3.102558433765157941e-01
3.126190179820495518e-01
3.128419589825716107e-01
3.147889770537975473e-01
3.247432927271072245e-01
3.289643090036580841e-01
3.302425040733178441e-01
3.336720797980154418e-01
3.295328085549893427e-01
3.381457625418246571e-01
3.379005274412503756e-01
3.375624002571253057e-01
3.378522235578039767e-01
3.401113590297607514e-01
3.423407690349812849e-01
3.499393414694412785e-01
3.488803717169615126e-01
3.528561528929381463e-01
3.515742421399363771e-01
3.540377401957050529e-01
3.633418112841587666e-01
3.640329283857771103e-01
3.650510256214944960e-01
3.681610525787771260e-01
3.681053173286465974e-01
3.711150208356943647e-01
3.792486516714072553e-01
3.734819111245701317e-01
3.739017833422200177e-01
3.843019810165738126e-01
3.828640115632065410e-01
3.918188084175090458e-01
3.956050897430419266e-01
3.849002060346413123e-01
3.903028096139590786e-01
3.926362587527565950e-01
3.996217434357809406e-01
4.009853992223074703e-01
4.016505065405315822e-01
4.090372850244956560e-01
4.122439197486711948e-01
4.107056268450690051e-01
4.188801301975443314e-01
4.212730302698143303e-01
4.257913012137279907e-01
4.250964684287675821e-01
4.329402759638018017e-01
4.368677532563319810e-01
4.495456648193527638e-01
4.535883282954860096e-01
4.544355040974698001e-01
4.675853074449289326e-01
4.645904666712493691e-01
4.709034126693654732e-01
4.759678890645581140e-01
4.905370834486743603e-01
5.007849381060047733e-01
5.029474658110686391e-01
5.080230892562873635e-01
5.196457467501705008e-01
5.212249121705350152e-01
5.347239897521453011e-01
5.411855630839428333e-01
5.508686338732839971e-01
5.577463637393893503e-01
5.678232969629861682e-01
5.771831033015704104e-01
5.860301453389539228e-01
5.924880029874094456e-01
6.052848164173753043e-01
6.116534976656219369e-01
6.022453874435912402e-01
6.234359295432124748e-01
6.255018494813835428e-01
6.321603540303087909e-01
6.238780958609145832e-01
6.171638560618587510e-01
6.185906784651998835e-01
6.205228338030576163e-01
6.143362210385706623e-01
6.077297360564337669e-01
5.943867171751888723e-01
5.753847125640259019e-01
5.706918045030366926e-01
5.626436343841905163e-01
5.452616677101543852e-01
5.299976405410777858e-01
5.073654133047473813e-01
4.786468967541648301e-01
4.589166182079630896e-01
4.413265732667730479e-01
4.172823863604696037e-01
3.895262317954739095e-01
3.743550967099482096e-01
3.562745815676096606e-01
3.306660919743097393e-01
3.046600242634122102e-01
2.883370273418558449e-01
2.699704045821806897e-01
2.526590358916432355e-01
2.407354080470554269e-01
2.260064392792317522e-01
2.127451654315115903e-01
1.960877570091721644e-01
1.839560508974304176e-01
1.727904224546175649e-01
1.578459440529559055e-01
1.531158791585463530e-01
1.389888510921322151e-01
1.294283978530781642e-01
1.299485935209629683e-01
1.153645364034786291e-01
1.129827833812346860e-01
1.125554797969007537e-01
1.042880843608745972e-01
1.011446162535136473e-01
9.921989228233991931e-02
9.529241498980974001e-02
9.672295307649290963e-02
9.690502156025258829e-02
9.553765009038399370e-02
9.656689437612747673e-02
9.508433672265581560e-02
9.718369781090516191e-02
9.975866636693488110e-02
1.026494680070375032e-01
1.040131237935640607e-01
1.109465889097999286e-01
1.114147650108962412e-01
1.189538865118836830e-01
1.220267566357459837e-01
1.280573106998675326e-01
1.396725368270665124e-01
1.494076271831961955e-01
1.586894041715976866e-01
1.669716623409919776e-01
1.781187123670946448e-01
1.928476811349183195e-01
2.141162525847222220e-01
2.254379397279005215e-01
2.369974306049689727e-01
2.533613000432877183e-01
2.661469664232274934e-01
2.829418551292221529e-01
2.932305823033149461e-01
3.097802359087353796e-01
3.217633146867957539e-01
3.292727107210469129e-01
3.462236581274070746e-01
3.519458104741397531e-01
3.627435862660912114e-01
3.768334574990850339e-01
3.844543240335971945e-01
3.837223344152164706e-01
3.775951725842020545e-01
3.647872121042100568e-01
3.566684440018652591e-01
3.493596948680839365e-01
3.363585188543061766e-01
3.245314987766112491e-01
3.012341642220566773e-01
2.686587683624426237e-01
2.425560928846521858e-01
2.196897775977735556e-01
1.866759311037994584e-01
1.624273816136841131e-01
1.379856165897829778e-01
1.169845743406055516e-01
9.476478795524087562e-02
8.050027960517149028e-02
6.496129186878435435e-02
5.181520420466727284e-02
4.109545776289853097e-02
3.354890489522702191e-02
2.784161528186245016e-02
2.123513029972559640e-02
1.854869124343485123e-02
1.379633224897307796e-02
1.137742239330879687e-02
1.001005092344020228e-02
8.419738453049553997e-03
7.409072584016245140e-03
6.450426281771414784e-03
5.016172511746203738e-03
4.785800144540081937e-03
4.603731660780405015e-03
3.923761609188141340e-03
2.727311573053121073e-03
2.972546673627379961e-03
2.448635322400554391e-03
2.184821805116124362e-03
2.615841072792094660e-03
2.693870422974813279e-03
2.080782671539166059e-03
2.106792454933405744e-03
1.980459221304241811e-03
1.638616353837093380e-03
1.779812320834393748e-03
2.077066988197132005e-03
1.660910453889298576e-03
2.106792454933405744e-03
2.106792454933405744e-03
1.868988721043215182e-03
1.549439953628271947e-03
1.679488870599469717e-03
1.868988721043215182e-03
1.868988721043215182e-03
1.865273037701181127e-03
1.790959370860496563e-03
1.616322253784887968e-03
1.568018370338443088e-03
2.047341521460858266e-03
1.553155636970306218e-03
1.913576921147626007e-03
1.958165121252036615e-03
1.742655487414051683e-03
1.296773486369944516e-03
1.575449737022511414e-03
1.445400820051313644e-03
1.542008586944203404e-03
1.159293202714678202e-03
1.857841671017112584e-03
1.508567436865895393e-03
1.638616353837093380e-03
1.779812320834393748e-03
1.698067287309640858e-03
1.255900969607568179e-03
1.724077070703880542e-03
1.426822403341142503e-03
1.423106719999108231e-03
2.058488571486960864e-03
1.211312769503157354e-03
1.229891186213328495e-03
1.437969453367245101e-03
1.333930319790286798e-03
1.738939804072017412e-03
