3.015533318438907290e-02
2.892948273226485581e-02
3.013475535905365404e-02
3.155168561786390186e-02
3.014651411638817960e-02
3.116070693649095058e-02
3.158402220053384973e-02
3.150465058852580658e-02
3.056395000176381424e-02
3.218077913526098260e-02
3.166045412320826064e-02
3.229836670860623121e-02
3.232482391260891458e-02
3.433851110614630220e-02
3.422974260080195036e-02
3.476770574885645892e-02
3.089613489646414121e-02
3.420328539679926699e-02
3.356831250073492173e-02
3.416212974612842929e-02
3.406218030878496728e-02
3.520571945956751242e-02
3.359476970473760510e-02
3.631986171701374888e-02
3.649330338769798954e-02
3.653739872770245950e-02
3.765448067448232128e-02
3.922133508930775864e-02
3.562315534494314706e-02
3.648154463036346051e-02
3.654915748503698159e-02
3.670202133038580339e-02
3.611996284232682486e-02
3.865103535858330219e-02
3.908610937996072343e-02
4.039133144409298715e-02
4.058829062944627891e-02
3.928894794398127971e-02
3.965052973201792230e-02
4.284009265900779601e-02
4.050303963877097124e-02
4.105570123349364109e-02
4.226685323894970731e-02
4.361617064308644098e-02
4.428348012182072718e-02
4.482438295920886800e-02
4.620603694601554262e-02
4.574156603130181270e-02
4.551227026327858000e-02
4.373081852709805734e-02
4.540350175793422122e-02
4.741718895147160884e-02
4.845195959690979520e-02
4.801100619686511639e-02
5.031278294509836102e-02
5.084192702515197976e-02
5.351998400809002826e-02
5.108592123984337374e-02
5.195018990393095171e-02
5.110649906517879260e-02
5.350234587208823472e-02
5.419317286549157203e-02
5.648025116705666232e-02
5.882024387662711934e-02
5.988147172606798907e-02
5.699469680044212672e-02
5.742683113248591570e-02
6.269769410768670503e-02
6.022835506743647038e-02
6.077807697282551491e-02
6.230377573698011456e-02
6.233317263031643019e-02
6.639582328939477862e-02
6.863292687228814137e-02
6.866820314429171457e-02
6.982644074174240711e-02
7.016450501510999860e-02
7.247804052067777225e-02
7.281022541537809922e-02
7.539421233963994329e-02
7.486800794891995681e-02
7.938337076537752002e-02
7.628199851839657930e-02
7.766659219453687923e-02
8.024469974013145879e-02
8.405453711651753035e-02
8.520689533530097226e-02
8.440729983655327617e-02
8.471302752725091978e-02
8.616817374739837998e-02
8.989276013310913693e-02
9.428171630822054783e-02
9.573980221770163335e-02
1.012429006502592738e-01
9.898815893136413135e-02
1.010371223969050991e-01
1.028009359970838282e-01
1.111525933939301325e-01
1.078601413402631576e-01
1.072281081335324515e-01
1.123137706807144642e-01
1.157296896863939384e-01
1.138718060275390048e-01
1.154122032383617658e-01
1.216120080429900219e-01
1.222117046670507801e-01
1.261597074421175191e-01
1.281733946356549136e-01
1.321596133720588373e-01
1.339734016909092940e-01
1.351816140070317418e-01
1.387415777900591340e-01
1.432422421598485429e-01
1.447414837200004800e-01
1.463700716108321809e-01
1.494861423044812621e-01
1.516615124113683544e-01
1.615712051550392270e-01
1.620003997977493837e-01
1.613330903190150767e-01
1.669243794315816709e-01
1.721540867561116017e-01
1.756229201697964426e-01
1.751084745364109851e-01
1.800177557235751458e-01
1.856648989334807043e-01
1.873757981256540806e-01
1.910268922780240519e-01
1.983525980974330527e-01
1.950160507037616286e-01
2.032942158672671473e-01
2.099026374892701274e-01
2.139270721870112635e-01
2.161347788765683176e-01
2.207089354796984981e-01
2.220229766118316517e-01
2.272526839363616102e-01
2.318503580541608489e-01
2.333319614783109786e-01
2.373005420787131226e-01
2.436561504180238258e-01
2.493503286572675004e-01
2.519784109215338352e-01
2.525545900309255076e-01
2.604094399303881757e-01
2.664064061709958686e-01
2.677469045071316778e-01
2.757663770092776412e-01
2.776771750761379276e-01
2.746669331984996076e-01
2.817633432498853341e-01
2.873222957797819666e-01
2.889597027386145989e-01
3.003509989064355734e-01
3.021471490892842504e-01
3.054572392789530189e-01
3.101754406594310898e-01
3.164105217360629330e-01
3.154374845666310101e-01
3.197941041590724454e-01
3.225397739966840427e-01
3.327346166057171262e-01
3.347894594499253307e-01
3.336694378138118089e-01
3.341927025151981701e-01
3.415037098879390443e-01
3.446021424455863458e-01
3.452253565843161898e-01
3.503315969568335797e-01
3.546911562386086958e-01
3.620697764660230633e-01
3.635866561621767801e-01
3.632691697141446352e-01
3.661236080571005358e-01
3.672642075185494348e-01
3.674552873252354690e-01
3.697453053161341985e-01
3.809455216772691388e-01
3.856637230577472653e-01
3.815628564373316767e-01
3.823742106934139295e-01
3.830532789294827101e-01
3.923573956704255461e-01
4.014145785073433559e-01
3.930452829744952581e-01
3.972578577895887753e-01
3.928248062744729152e-01
4.059093634984654586e-01
4.048216784450219263e-01
4.067853909198875795e-01
4.067118986865467800e-01
4.143756687793234139e-01
4.161218442435003495e-01
4.129058241125078133e-01
4.147842855966981657e-01
4.238561668802841020e-01
4.231006667215408412e-01
4.219189116094211323e-01
4.253906847124395707e-01
4.258081205978151984e-01
4.303734581329445308e-01
4.412855849393835794e-01
4.413502581047235029e-01
4.397304892818926780e-01
4.386545629857836470e-01
4.427877661888691696e-01
4.494079465682066510e-01
4.580065378690780231e-01
4.671489716966710781e-01
4.635948872923109643e-01
4.681367073127711831e-01
4.677545476993991147e-01
4.740925179027080660e-01
4.820237997248451034e-01
4.941000435074021646e-01
4.944057711980998082e-01
4.916336441564855275e-01
5.069817621673741170e-01
5.140281975000882131e-01
5.245581646931551933e-01
5.288442317415895655e-01
5.372605623037757239e-01
5.444040073844995664e-01
5.569858777324412369e-01
5.615188786849005798e-01
5.754118504756416952e-01
5.787866138306503316e-01
5.896958009477558660e-01
6.081041355549545724e-01
6.152916759756829057e-01
6.218148466070105851e-01
6.243165222299307260e-01
6.438772150559128882e-01
6.570705407852498459e-01
6.634202697458932985e-01
6.638465246992697466e-01
6.713662500146984069e-01
6.661306633115012810e-01
6.729918982161965380e-01
6.777424361793445984e-01
6.776366073633338649e-01
6.714132850440365230e-01
6.651752642780710545e-01
6.518114365673836064e-01
6.384240913420269337e-01
6.236374539938619455e-01
6.081835071669625670e-01
5.879437461049116243e-01
5.633885211010900562e-01
5.484049245675717277e-01
5.291734769469562671e-01
5.026075044389308744e-01
4.724433521865409324e-01
4.536763754806392157e-01
4.350387451054172350e-01
4.101895511682325246e-01
3.880566301753230474e-01
3.660412967557588604e-01
3.457985960043742368e-01
3.151141187399315591e-01
3.032436532107287142e-01
2.803787495737450342e-01
2.558911374245969594e-01
2.380090072081182395e-01
2.260033159695683247e-01
2.164169890525969309e-01
1.954305468998036310e-01
1.850593229307526677e-01
1.689468856931199414e-01
1.637553943299272230e-01
1.482632315416906876e-01
1.406935315075902859e-01
1.344996060816292804e-01
1.250602636313394300e-01
1.243606175699352029e-01
1.170554895758616210e-01
1.126841715367519897e-01
1.066666274708088918e-01
1.046940959279423350e-01
1.077454934562515482e-01
1.012135037569229651e-01
1.026598309090695355e-01
9.868831061933375226e-02
9.899403831003139587e-02
1.020601342850087634e-01
1.027039262490739985e-01
1.049057535599637880e-01
1.097533012711216643e-01
1.132662300248109821e-01
1.179285773079501026e-01
1.175464176945780342e-01
1.275678186329268771e-01
1.317568759333513639e-01
1.392560234234446193e-01
1.466669802335289208e-01
1.533694719142081053e-01
1.658778500288089486e-01
1.774749244499841394e-01
1.819256141011018069e-01
2.000958338722763907e-01
2.060928001128840836e-01
2.242218642333878020e-01
2.479627952917935751e-01
2.547652364098161870e-01
2.671707253977399499e-01
2.793380995496396180e-01
2.926725303669908129e-01
3.169367261267829194e-01
3.268669966957891693e-01
3.392519078583774994e-01
3.527979963077502168e-01
3.627341462554237173e-01
3.775648789435932517e-01
3.939712851145890649e-01
4.022200533847583026e-01
4.123061274884470273e-01
4.188498759451101394e-01
4.208958997213174680e-01
4.195965570358524688e-01
4.275895723339957488e-01
4.232388321202215087e-01
4.089225450654374594e-01
3.926072692637841977e-01
3.652887362863492804e-01
3.509695095422315503e-01
3.249003445315898908e-01
2.862845854450101757e-01
2.605623037757369698e-01
2.270498453723410470e-01
1.909710381806850599e-01
1.610156038709829041e-01
1.297637665651494021e-01
1.030302317651070609e-01
8.246416518702304188e-02
6.499947085591994966e-02
4.835201015956634013e-02
3.849229213456721588e-02
2.953799842432651770e-02
2.273849699563749993e-02
1.708841409639829181e-02
1.420457886010606345e-02
1.052702750373340525e-02
9.592206295638677424e-03
8.345778018179038013e-03
5.852921463259762661e-03
4.627071011135542970e-03
4.885763672495090429e-03
3.460014345683948018e-03
3.054337217642839365e-03
3.033759392307420946e-03
3.066095974977364486e-03
2.492856554919276220e-03
2.301776748233246798e-03
2.625142574932680904e-03
2.354691156238608758e-03
1.608010065496278318e-03
1.943134649530237545e-03
2.090119116211798522e-03
1.678562609503427743e-03
1.305222064132262414e-03
1.522759074820972816e-03
1.249367966793269282e-03
1.381653986806674183e-03
1.566854414825441261e-03
1.572733793492703605e-03
1.490422492151029493e-03
1.754994532177839512e-03
1.469844666815610856e-03
1.608010065496278318e-03
1.466904977481979684e-03
1.760873910845101855e-03
1.287583928130475166e-03
1.222910762790588302e-03
1.366955540138518107e-03
1.458085909481085952e-03
1.519819385487341645e-03
1.378714297473043011e-03
1.287583928130475166e-03
1.452206530813823608e-03
1.578613172159966166e-03
1.860823348188563433e-03
1.634467269498959298e-03
1.455146220147454780e-03
1.522759074820972816e-03
1.425749326811142628e-03
1.690321366837952647e-03
1.531578142821866549e-03
1.425749326811142628e-03
1.443387462812929876e-03
1.078865985442658496e-03
1.396352433474830476e-03
1.240548898792375549e-03
1.167056665451595169e-03
1.314041132133156146e-03
9.583387227637782824e-04
1.231729830791482034e-03
1.275825170795950262e-03
1.217031384123325741e-03
1.340498336135837127e-03
1.346377714803099687e-03
1.596251308161753413e-03
