3.707613261987838249e-02
3.713697300816173885e-02
3.870361300645820679e-02
3.774233487158114991e-02
3.659549355243985058e-02
3.974398364610363249e-02
3.835682279324306720e-02
3.756893976497358012e-02
3.897739475373331736e-02
3.820472182253466936e-02
3.980178201497282242e-02
3.961621883070857997e-02
3.930593285046345142e-02
3.728603195945596332e-02
3.891351234603579456e-02
3.835986481265723363e-02
4.021245463588548480e-02
4.128324546967258868e-02
3.985653836442783898e-02
4.323926395298254705e-02
4.216238908036711031e-02
4.191598550781951149e-02
4.309324702110248900e-02
4.190990146899117169e-02
4.328489424419506432e-02
4.192511156606201772e-02
4.304761672988997173e-02
4.149618682866434288e-02
4.314191933172917270e-02
4.381116360284611350e-02
4.428571863145630561e-02
4.273428873023067676e-02
4.166349789644357288e-02
4.221714542982213381e-02
4.602575373636034334e-02
4.562116515427601382e-02
4.670108204630561699e-02
4.537780360114258144e-02
4.512227397035247639e-02
4.758022565700014556e-02
4.577326612498441166e-02
4.673150224044729517e-02
4.932634480073251615e-02
5.007163955720365239e-02
4.914078161646827370e-02
4.908298324759908376e-02
5.029066495502374640e-02
5.133103559466916516e-02
5.406885306742027775e-02
5.388937392198436815e-02
5.430308856231120390e-02
5.203070005992778413e-02
5.389545796081270795e-02
5.463162665904133797e-02
5.271211240870139064e-02
5.730860374350909420e-02
5.565678720161591764e-02
5.553814844446337134e-02
5.506967745468151904e-02
6.073391760386214616e-02
5.654505687055294549e-02
5.683709073431306852e-02
5.876268902348134870e-02
6.210891037906603879e-02
6.037495931299033392e-02
5.893912614950308493e-02
5.994907659500683245e-02
6.057877461373958189e-02
6.014984987634191399e-02
6.370901259091835134e-02
6.571674540426916677e-02
6.683925056809712772e-02
6.612133398635350323e-02
6.470071091993709334e-02
6.501099690018222188e-02
6.453035783274368997e-02
6.787657918832837312e-02
6.912076512872304679e-02
7.232705359125601863e-02
7.203197770808172917e-02
7.188900279561584450e-02
7.380851704595578489e-02
7.507095510283547102e-02
7.438041669581935134e-02
7.579799774282158786e-02
7.608698958716754446e-02
7.842021847783432753e-02
7.915942919547712397e-02
8.116716200882793941e-02
7.772055401257570162e-02
8.149265808614390705e-02
8.008116107797000338e-02
8.632642693525670319e-02
8.800866367129155099e-02
8.591575431434403387e-02
8.554462794581554896e-02
8.833720176802167812e-02
8.982779128096395060e-02
9.432998001393244625e-02
9.446687088756999806e-02
9.680009977823678113e-02
9.543119104186123525e-02
9.647764572033498687e-02
9.790435282557972962e-02
9.749368020466706031e-02
1.052264935554818731e-01
1.066045283500999252e-01
1.077300755333420595e-01
1.082989331637914526e-01
1.078365462128379332e-01
1.106930024427415921e-01
1.140970221671954721e-01
1.168683018535024293e-01
1.151100146321133860e-01
1.200958844519345731e-01
1.194144721031609596e-01
1.221401214982553995e-01
1.226603068180781159e-01
1.233386771474375559e-01
1.253646620772733700e-01
1.271290333374907600e-01
1.301710527516586613e-01
1.372072436566290077e-01
1.335020640101725053e-01
1.340222493299952355e-01
1.375722859863291736e-01
1.393579513824457217e-01
1.466162097046503354e-01
1.451621244246780740e-01
1.487334552169111979e-01
1.488642620517204029e-01
1.492080102455213830e-01
1.578960176923848990e-01
1.591189094968804008e-01
1.593561870111855072e-01
1.625776855707893043e-01
1.629488119393177892e-01
1.629001396286910985e-01
1.676031016429946896e-01
1.727167362782109361e-01
1.698602800483072772e-01
1.766105211283458543e-01
1.794943555329770180e-01
1.828953332380167385e-01
1.822078368504147783e-01
1.871419923401951013e-01
1.851373015462584593e-01
1.892409857359709791e-01
1.916076768401935859e-01
1.936093256147160824e-01
1.967791098442790154e-01
2.006516005585147755e-01
2.060298908827636055e-01
2.051781254467965887e-01
2.109883825278572878e-01
2.111313574403231863e-01
2.070124631535398552e-01
2.069303286293573130e-01
2.184504561508111564e-01
2.223989973504010842e-01
2.231108298933163758e-01
2.272662284130697319e-01
2.253953864733564683e-01
2.245284109403186124e-01
2.210818029440664023e-01
2.267582111709036952e-01
2.307919289140903385e-01
2.365626397427668393e-01
2.368516315871127820e-01
2.368729257230119678e-01
2.381019015663357885e-01
2.400153317778473960e-01
2.416002238926288903e-01
2.439182426862248343e-01
2.441676882781865787e-01
2.506350215527075598e-01
2.519126697066580434e-01
2.582826583599256431e-01
2.592926088054293698e-01
2.573396323415336195e-01
2.592500205336310537e-01
2.618904933851287642e-01
2.595298863197345041e-01
2.625719057339023776e-01
2.710621819188450132e-01
2.700126852209570605e-01
2.735931420714327045e-01
2.717588043646894658e-01
2.727413766354656599e-01
2.723580821892805370e-01
2.758776986514727692e-01
2.762609930976579475e-01
2.760663038551511850e-01
2.829716879253123540e-01
2.836044279634592491e-01
2.814537202376425351e-01
2.864913043875045862e-01
2.837839071088951726e-01
2.901782319174761038e-01
2.911942664018081772e-01
2.897584332383209005e-01
2.925935953323254290e-01
2.960767075615476362e-01
2.944674792914528383e-01
2.987536846460154272e-01
2.998123074021458168e-01
3.084120962859984716e-01
3.092425675860663303e-01
3.123910576797301331e-01
3.068454562877020453e-01
3.118982505346349354e-01
3.133371257175363023e-01
3.143014458718275672e-01
3.161023213650149266e-01
3.189739876919894246e-01
3.217543934365388880e-01
3.213437208156262326e-01
3.272604485761828053e-01
3.290795761858552049e-01
3.343726899665073748e-01
3.409373678622816817e-01
3.454213044787651787e-01
3.488040300673199146e-01
3.487979460284915678e-01
3.515661836953843378e-01
3.525974282767872503e-01
3.625296216640454539e-01
3.661039944756927511e-01
3.641327658953119606e-01
3.653221954862516108e-01
3.766445917457845183e-01
3.830602106902646353e-01
3.854573219886289204e-01
3.846298927079752628e-01
3.911611083901937458e-01
3.906743852839268949e-01
3.977775006160089166e-01
4.121845045615081249e-01
4.077249041003379593e-01
4.031436228626011364e-01
4.106999990873941853e-01
4.203006123585080744e-01
4.274280638459034831e-01
4.279756273404536904e-01
4.340353300134761616e-01
4.420845133833644081e-01
4.409863443748497924e-01
4.480894597069318697e-01
4.471160134943981124e-01
4.486978635897654333e-01
4.477396274743025151e-01
4.569265261050896032e-01
4.501519488697376947e-01
4.589646791125820968e-01
4.521444715860176711e-01
4.555971636210982556e-01
4.555180711163298590e-01
4.407977391711713766e-01
4.400980747059127784e-01
4.346406918768955796e-01
4.378713164947418690e-01
4.349175156435848288e-01
4.224513200843247884e-01
4.118072941541512932e-01
3.995966282256813162e-01
4.011511001463211601e-01
3.831605973309321622e-01
3.777944750843399979e-01
3.687931396378171800e-01
3.580183068728344797e-01
3.394102741163694259e-01
3.267676414310876076e-01
3.182834492849733188e-01
3.028330326804145600e-01
2.897645172771492472e-01
2.804011815203404367e-01
2.728113430819915641e-01
2.543249911020932230e-01
2.446969996562518013e-01
2.316558624277140210e-01
2.137992084665484294e-01
2.089411034621223018e-01
1.945949399049064776e-01
1.875982952523203018e-01
1.772615132829777618e-01
1.659482430816873466e-01
1.559491252673174677e-01
1.477174207325791244e-01
1.402979353814235997e-01
1.332313242823115751e-01
1.305513051784296386e-01
1.215621378095635002e-01
1.180029750949870559e-01
1.159435279515953904e-01
1.130231893139942018e-01
1.147997286518682575e-01
1.101363128899488647e-01
1.068296377867483521e-01
1.051595691283701839e-01
1.058075192635879458e-01
1.114382971992127214e-01
1.150278801079308438e-01
1.202875316750271484e-01
1.275184118225042573e-01
1.279564626181444176e-01
1.375084035786316439e-01
1.411466587979764431e-01
1.497221115265157665e-01
1.605151964079834792e-01
1.680168162833215184e-01
1.778182028357704891e-01
1.952824362925084101e-01
2.100392724706369174e-01
2.161385213960435592e-01
2.269468163745821110e-01
2.350842183074812464e-01
2.467138585278451368e-01
2.596606931545437091e-01
2.683608686790638909e-01
2.768024725533798081e-01
2.786368102601231023e-01
2.867985483483355691e-01
2.854205135537175031e-01
2.797806095598502352e-01
2.811586443544682457e-01
2.728235111596482021e-01
2.649081766439833618e-01
2.564665727696673891e-01
2.519248377843147368e-01
2.355709414137480973e-01
2.156092100179783366e-01
1.970802697662816516e-01
1.851281754880159669e-01
1.706603311542334300e-01
1.525298954457927347e-01
1.385396481600345564e-01
1.234390637881050967e-01
1.087126478041182814e-01
9.787089061202389195e-02
8.412704689881331244e-02
7.315448287190969012e-02
6.291808754323470476e-02
5.570241749282844185e-02
5.123673299282995725e-02
4.329706232185173698e-02
3.794006613350206503e-02
3.289943996422585448e-02
2.985742055005794968e-02
2.442741589576824524e-02
1.985830273568806037e-02
1.925294087226864584e-02
1.581545893425891774e-02
1.355219649011800073e-02
1.305026328678029687e-02
1.135281645367460651e-02
9.676663756468093305e-03
9.314663446182112894e-03
6.938846283716982449e-03
6.874963876019457056e-03
5.807215061646523076e-03
5.423920615461368111e-03
4.715130091960247245e-03
4.225364966279215179e-03
4.103684189712498986e-03
3.845112539508227078e-03
3.787314170639037147e-03
3.756893976497358099e-03
3.507448384535590252e-03
2.868624307560330676e-03
2.695229200952760449e-03
3.294507025543836915e-03
2.594842560285219677e-03
2.098993395775851714e-03
2.387985240121802671e-03
2.667851026225249566e-03
1.813043570844069139e-03
1.931682327996617167e-03
2.241968308241743327e-03
2.205464075271728382e-03
1.825211648500740715e-03
2.184169939372552962e-03
1.505799610013111144e-03
1.594018173023980340e-03
1.697446833105688844e-03
1.773497318459886464e-03
1.426707105244745576e-03
1.165093435626306153e-03
1.822169629086572767e-03
1.627480386579827120e-03
1.496673551770607300e-03
1.810001551429901191e-03
1.907346172683274015e-03
1.810001551429901191e-03
1.481463454699767993e-03
1.551429901225629716e-03
1.238101901566335825e-03
1.192471610353817253e-03
1.621396347751491440e-03
1.959060502724128267e-03
1.852589823228251815e-03
1.679194716620681371e-03
