4.148785068401403958e-02
3.995307176998454807e-02
4.202487074140805884e-02
4.226591951717014600e-02
4.276327332032483358e-02
4.271750456543330077e-02
3.976999675041840293e-02
3.854644536965134982e-02
4.333690838163208048e-02
4.247340453934510957e-02
4.308365460456558410e-02
4.471302227870425916e-02
4.250696829293223317e-02
4.243373828510577789e-02
4.417600222131023990e-02
4.227812451847455522e-02
4.380985218217794963e-02
4.493881480283583307e-02
4.476794478457409715e-02
4.444756350033334663e-02
4.429805223435433204e-02
4.641256871034327852e-02
4.563144862686107500e-02
4.682753875469320565e-02
4.602811116925437790e-02
4.437738474283299539e-02
4.562839737653497096e-02
4.568026863207871185e-02
4.576570364120957635e-02
4.680923125273658836e-02
4.554601361773020357e-02
4.819755015111316931e-02
4.793819387339447180e-02
4.938753777829309882e-02
4.956451029720703588e-02
4.852098268568002387e-02
5.099249544982294852e-02
5.080636917993070628e-02
4.943025528285853454e-02
5.109623796091043030e-02
4.939364027894530690e-02
4.928989776785782512e-02
5.401323327266430857e-02
5.117557046938909365e-02
5.044327039112452005e-02
5.368064698711914884e-02
5.293614190755016602e-02
5.233809684363410070e-02
5.374777449429339604e-02
5.131287673406369904e-02
5.492860837049502037e-02
5.346095696363977606e-02
5.331449694798685857e-02
5.401933577331650971e-02
5.835211123638189140e-02
5.537103966777986302e-02
5.610639099637054067e-02
5.620403100680581437e-02
5.731773737583318457e-02
5.697904858963581676e-02
6.146133531868021305e-02
6.129351655074458116e-02
5.843449499518665186e-02
6.042391020780540217e-02
5.963363637334488654e-02
6.150100157291954472e-02
6.236145416488041160e-02
6.075344524302445787e-02
6.461937940619617848e-02
6.222414790020580622e-02
6.289542297194833376e-02
6.634028459011791223e-02
6.513504071130747641e-02
6.581241828370219815e-02
6.913217863850158740e-02
7.236650398417011909e-02
6.586734078957204308e-02
6.914438363980600355e-02
6.886977111045679278e-02
6.903453862806631369e-02
7.114600385372915614e-02
7.177456142090625490e-02
7.375177163222058907e-02
7.286385778732480667e-02
7.457255796994213815e-02
7.481055549537811433e-02
7.618666939245029301e-02
7.852697839257082035e-02
7.761465454506620565e-02
7.719053074973797335e-02
7.846595338604876735e-02
8.169722748139118806e-02
8.541975287923608828e-02
7.843544088278774085e-02
8.301841887259352182e-02
8.064454611888587088e-02
8.157517746834709593e-02
8.563334040206325992e-02
8.570351915956360422e-02
8.682027677891708539e-02
8.740306559120263052e-02
9.201045358361722992e-02
9.044821341665280900e-02
9.283734242199097320e-02
9.148563852752761294e-02
9.375576877014778210e-02
9.370694876493014525e-02
9.543395644950410095e-02
9.384120377927865353e-02
9.735319290462249309e-02
9.937312062050226991e-02
1.019514271460587734e-01
9.906189308723982456e-02
9.893068932321742726e-02
9.910766184213136432e-02
1.006027745019215242e-01
1.046578861853115910e-01
1.036906398319371314e-01
1.074284214814125449e-01
1.084688978426134598e-01
1.111601006302357503e-01
1.106963105806682002e-01
1.114957381661070140e-01
1.158834361350422337e-01
1.112607918909971350e-01
1.116605056837165488e-01
1.144096822275347813e-01
1.192855802486463834e-01
1.179582863567918555e-01
1.187424576906001700e-01
1.193832202590816710e-01
1.204694653751741118e-01
1.244910133049770412e-01
1.255009771629169435e-01
1.286010474942369530e-01
1.305568989532685797e-01
1.287108925059766429e-01
1.345479343798104965e-01
1.344228331164402934e-01
1.356097694932941189e-01
1.377944647267834166e-01
1.392071936277688160e-01
1.394940111584224429e-01
1.415139388743022197e-01
1.407602800437549317e-01
1.423408277126759491e-01
1.449374417401890769e-01
1.465790144156321750e-01
1.462616843817175216e-01
1.514366049347871390e-01
1.535511214107760924e-01
1.532185351252309535e-01
1.521109312568557914e-01
1.553116928489371718e-01
1.524801325463141788e-01
1.565932179859001738e-01
1.607795334333126380e-01
1.594919057956974418e-01
1.625767198753869380e-01
1.629459211648453254e-01
1.621068273251671799e-01
1.661405802562745115e-01
1.665372427986678283e-01
1.704886119709703995e-01
1.685724267661781184e-01
1.714497558236926511e-01
1.700217706710767385e-01
1.747634136778398461e-01
1.729997909893526697e-01
1.722857984130446996e-01
1.774881802190492741e-01
1.821291319650509832e-01
1.798834117250396325e-01
1.775064877210058845e-01
1.766399326283928095e-01
1.781960702947050224e-01
1.828248170394023153e-01
1.858302986106131760e-01
1.856655310930036273e-01
1.854610973211547886e-01
1.878471750761668280e-01
1.872765912651856990e-01
1.855648398322422565e-01
1.887869601766063721e-01
1.924759218208641487e-01
1.958292459292506615e-01
1.929763268743449334e-01
1.970741560623004429e-01
1.913713692028150837e-01
1.966561347676243909e-01
1.941022382446767058e-01
1.963082922304487388e-01
1.962625234755571990e-01
1.989689825148100166e-01
1.996036425826392957e-01
2.020141303402601674e-01
2.026030216531979344e-01
2.002230463988380893e-01
2.046229493690777113e-01
2.050409706637537355e-01
2.098405874267127713e-01
2.079610172258337109e-01
2.107010400186736521e-01
2.124188939522692887e-01
2.166509781545732927e-01
2.119093351478101850e-01
2.147866642053247455e-01
2.199554822577421687e-01
2.200134560139381246e-01
2.150307642314129297e-01
2.174992257452297573e-01
2.176792495144697914e-01
2.215787474312286287e-01
2.215024661730760625e-01
2.268024879895159107e-01
2.223446112630803329e-01
2.216397724377506817e-01
2.237390326621091219e-01
2.248130727768971604e-01
2.250297115500504153e-01
2.255880903597271558e-01
2.277483755906076490e-01
2.303724508710556784e-01
2.248191752775493546e-01
2.358738552090182683e-01
2.353032713980371393e-01
2.300520695868149279e-01
2.388579780279463938e-01
2.437521835510146062e-01
2.448475824180853799e-01
2.468369976307041302e-01
2.510294155787687886e-01
2.483717765447336079e-01
2.536077221043253060e-01
2.550204510053106777e-01
2.506907267925714278e-01
2.583615701123928021e-01
2.608941078830577798e-01
2.592403302063102655e-01
2.585476963822850305e-01
2.644854295168802549e-01
2.674695523358083804e-01
2.681896474127685726e-01
2.685680024532052790e-01
2.750458068955206059e-01
2.689188962407070282e-01
2.756072369555234713e-01
2.758574394822638221e-01
2.734622079762734637e-01
2.781763897301016697e-01
2.826342664565372198e-01
2.896735009588554122e-01
2.815144575868576693e-01
2.933624626031132165e-01
2.894934771896153780e-01
2.861920243367725991e-01
2.899603184895090391e-01
2.900610097502704376e-01
2.872538594502562215e-01
2.902837510240758867e-01
2.931244650776771987e-01
2.946500902407284128e-01
2.970209117441099389e-01
2.943022477035527329e-01
2.965815316971511795e-01
2.991354282200988646e-01
2.964472766828026851e-01
2.928132375444147395e-01
2.889778158845040523e-01
2.886757421022199122e-01
2.887184596067853826e-01
2.903691860332067720e-01
2.837632290771950894e-01
2.866802243889489676e-01
2.876596757436278295e-01
2.846114766678515817e-01
2.832963877773014283e-01
2.750854731497599515e-01
2.648576820566647672e-01
2.635914131713322783e-01
2.605676240981648073e-01
2.481948040258196708e-01
2.480788565134277868e-01
2.413691570463286640e-01
2.371462265950029791e-01
2.344702800590111880e-01
2.254935015996179792e-01
2.171391782067496612e-01
2.152016342496746726e-01
2.073416134096349450e-01
2.055291707159301318e-01
1.965218797532758965e-01
1.841887259351700779e-01
1.821016707121160538e-01
1.753156899868643648e-01
1.740585748525101950e-01
1.641664212952862745e-01
1.559158404135054521e-01
1.544481890066501939e-01
1.515250911942441214e-01
1.478605395525951771e-01
1.441044504011631255e-01
1.362840958153627435e-01
1.353656694672059346e-01
1.332938704957823961e-01
1.342794243511134800e-01
1.306057189584862166e-01
1.330131554657809911e-01
1.345357293785060804e-01
1.412423775952791061e-01
1.406748450346240742e-01
1.444095754337733628e-01
1.497736735070613612e-01
1.567610367538357918e-01
1.583476869234090312e-01
1.678462291885657320e-01
1.734422222866374985e-01
1.780313027770954737e-01
1.888388314321501060e-01
1.987553949919828311e-01
2.063682645556082773e-01
2.118330538896576465e-01
2.208739086058989776e-01
2.319591010406289178e-01
2.350164538673835124e-01
2.355961914293429604e-01
2.376374778975054447e-01
2.405422682079549068e-01
2.417200508338304410e-01
2.354375264123856337e-01
2.262593654314696834e-01
2.204497848105707591e-01
2.185580096083872825e-01
2.120130776588976806e-01
1.996219500845959061e-01
1.861323723928972884e-01
1.799352829805833665e-01
1.695030581156393434e-01
1.495051634783643446e-01
1.428412327661567616e-01
1.312342765256633015e-01
1.214702754821356950e-01
1.093110429326177163e-01
9.561092896841803801e-02
8.713760681283172493e-02
7.625989940027674829e-02
6.888502736208730604e-02
6.105857027563469513e-02
5.534662966517104460e-02
4.854234143796273826e-02
4.347726589663278990e-02
3.941300046226442477e-02
3.430215616604294360e-02
3.008837946569555694e-02
2.740022792839936008e-02
2.369295878218496965e-02
2.119398476510712254e-02
1.882316326172557217e-02
1.616247297736429778e-02
1.576581043497099141e-02
1.456361780648665269e-02
1.174731375549415736e-02
1.103942367983840565e-02
9.571772272983161342e-03
9.022547214284732872e-03
8.473322155586306137e-03
8.412297149064258336e-03
6.029270644378300487e-03
6.435086937749916365e-03
5.657018104593809944e-03
4.955230529590262840e-03
5.296970566113729482e-03
4.387697968935220551e-03
4.219879200999589533e-03
3.881190414802225628e-03
3.054301576428481053e-03
2.859021555557928872e-03
2.868175306536235782e-03
2.492871516425643370e-03
2.776637796753164515e-03
3.023789073167457153e-03
2.675946535991785905e-03
2.868175306536235782e-03
2.724766541209424058e-03
2.178592732837098325e-03
2.337257749794421999e-03
2.065696470771310501e-03
2.114516475988948221e-03
2.230463988380838782e-03
1.754468937508867760e-03
2.093157723706231665e-03
1.977210211314341538e-03
1.681238929682410529e-03
1.812442693704812823e-03
1.885672701531270054e-03
1.589701419899339262e-03
1.681238929682410529e-03
1.623265173486465466e-03
1.922287705444498561e-03
1.373062646746070307e-03
1.733110185226150986e-03
