3.371902011801432980e-02
3.364730613132175391e-02
3.316771884531517084e-02
3.482162266341264772e-02
3.493367576761979149e-02
3.271054218015001513e-02
3.496056851262950571e-02
3.429273201155491613e-02
3.533258481859723188e-02
3.504572887182693525e-02
3.312289760363231611e-02
3.582113635294038867e-02
3.557461952368466684e-02
3.601386769217667511e-02
3.440926723993034675e-02
3.477680142172978606e-02
3.477680142172978606e-02
3.697304226418984818e-02
3.859108908894103018e-02
3.565529775871380952e-02
3.727334458346499846e-02
3.712543448591155981e-02
3.378176985637033197e-02
3.609454592720582472e-02
3.851489297808017437e-02
3.701786350587270291e-02
3.943821055674705256e-02
4.040634937709679242e-02
3.882864166986017829e-02
3.989986934608049512e-02
3.948303179842991423e-02
4.227539515527198311e-02
4.252639410869599179e-02
3.946062117758847992e-02
3.704475625088241714e-02
4.089490091143994921e-02
3.970713800684420175e-02
4.432372590017861352e-02
4.430579740350546608e-02
4.236951976280598636e-02
4.264292933707142241e-02
4.104281100899338092e-02
4.453438573608804740e-02
4.634964602424380964e-02
4.441785050771261678e-02
4.415788730595203437e-02
4.500500877375805675e-02
4.732226696876183636e-02
4.427890465849575186e-02
4.495122328373862830e-02
4.729089209958383527e-02
4.570870226817893428e-02
4.756430167384927132e-02
5.171474865368195367e-02
5.010118395309905159e-02
4.966641790877533019e-02
4.740294520379097903e-02
4.718332111954497143e-02
5.314006413919684924e-02
5.076005620583706746e-02
5.026254042315734388e-02
5.210021133215453348e-02
5.457434387304831852e-02
5.305938590416770656e-02
5.526010887079604861e-02
5.537664409917147923e-02
5.947330558898473313e-02
6.202811636490765390e-02
5.770734866668011248e-02
5.970189392156730751e-02
5.664956736296465623e-02
5.990358950914017461e-02
5.742945696824638957e-02
5.989014313663531403e-02
6.124374463545763370e-02
6.150818996138650296e-02
6.343550335374940896e-02
6.368202018300513079e-02
6.832101869718096299e-02
6.937880000089642618e-02
6.933397875921357145e-02
7.119406028905218842e-02
7.075481212056017322e-02
7.249835842202335956e-02
7.475286687867113700e-02
7.437188632436683711e-02
7.759453360136435440e-02
7.651434167680747078e-02
7.269108976125965293e-02
7.607509350831545558e-02
7.919016980527411598e-02
7.969216771212213335e-02
8.330475979176051038e-02
8.354231237267965848e-02
8.568924984928857902e-02
8.685908425721117210e-02
8.723558268734718513e-02
8.789445494008520099e-02
8.898361111297865833e-02
8.784963369840234626e-02
8.892982562295922988e-02
9.619086677558227882e-02
9.500310387098653830e-02
9.922078271334350275e-02
9.595331419466313072e-02
1.019862533251758713e-01
1.050878832496296711e-01
1.081133170632226081e-01
1.023493053828070237e-01
1.121517109388481398e-01
1.021341634227292960e-01
1.127478334532301535e-01
1.105202177415920972e-01
1.140655779587061852e-01
1.174585459540985616e-01
1.173285643532182704e-01
1.243206780557441771e-01
1.230208620469412928e-01
1.257146186720810854e-01
1.299188511419331893e-01
1.335717823390861481e-01
1.292868716342048807e-01
1.346116351461284499e-01
1.419085332920977938e-01
1.412855180327060589e-01
1.394523292478771492e-01
1.396764354562914368e-01
1.394702577445502967e-01
1.440778813895481347e-01
1.521546691407991980e-01
1.507114251586111620e-01
1.492861096730962733e-01
1.557134757304181605e-01
1.612354527057462961e-01
1.622439306436106177e-01
1.656593092598444283e-01
1.685906184659033691e-01
1.697380422529845279e-01
1.743322195254775053e-01
1.778910261150964678e-01
1.793790913389673725e-01
1.876441283052864284e-01
1.848248722034346592e-01
1.810240309087282617e-01
1.879309842520567320e-01
1.934305506065434610e-01
1.967607688635798213e-01
1.978588892848098524e-01
2.033046701492771391e-01
2.063480324595432236e-01
2.019645150229596731e-01
2.067872806280352249e-01
2.124885425700948072e-01
2.118072596965153709e-01
2.147968365167620131e-01
2.218382535851390613e-01
2.233576936781879740e-01
2.284673152300338295e-01
2.254239529197677450e-01
2.334648836776725134e-01
2.367682091896991803e-01
2.399191424800041217e-01
2.403942476418424179e-01
2.398250178724701254e-01
2.409096919211952958e-01
2.466871499741157270e-01
2.560816822308428220e-01
2.580314062440471901e-01
2.556827731798653747e-01
2.610658043059767008e-01
2.623566560664429836e-01
2.580134777473740426e-01
2.588471528426751767e-01
2.623925130597892785e-01
2.717825631923481144e-01
2.679010436626125813e-01
2.750500317110284865e-01
2.715315642389241058e-01
2.735888592321673030e-01
2.751889775602453514e-01
2.862508600075747700e-01
2.838663699500467152e-01
2.766725606599479415e-01
2.811277920832240818e-01
2.883216013733228555e-01
2.937180788719390145e-01
3.031484681220124044e-01
2.919655683221392128e-01
2.967031735680173421e-01
2.945786467122498697e-01
2.922837991380874967e-01
3.032918960953975285e-01
3.054836548136892760e-01
3.040000717139866859e-01
3.058960102371716117e-01
3.092576033633859800e-01
3.078502163745442388e-01
3.107501507114251438e-01
3.069582736650553478e-01
3.188896882010322509e-01
3.251870726574738191e-01
3.196650956821456835e-01
3.309197094687114094e-01
3.217313549237254544e-01
3.335865733488415086e-01
3.323943283200774257e-01
3.287593256195976421e-01
3.359845097788743962e-01
3.361503483731009823e-01
3.396239946035224944e-01
3.460468785366760947e-01
3.472436056896084366e-01
3.553203934408594722e-01
3.523039238756031089e-01
3.562302646470215106e-01
3.633209850812497144e-01
3.630475755069842436e-01
3.709898995331867844e-01
3.753689348456020203e-01
3.863142820645560360e-01
3.888735749646472506e-01
3.860005333727760113e-01
3.888018609779546608e-01
4.042831178552139249e-01
4.063673055934668432e-01
4.087024922851437703e-01
4.109256258726135536e-01
4.178908468301297252e-01
4.263172402665070804e-01
4.258824742221833937e-01
4.427980108332941200e-01
4.467377979772173546e-01
4.448149667090227632e-01
4.589067650941133780e-01
4.680637447699213527e-01
4.714432663928088685e-01
4.695159530004459625e-01
4.789508243746876670e-01
4.845803723300546872e-01
4.903219733896287957e-01
4.964580013760120925e-01
4.983897968925433131e-01
5.041807013179686603e-01
5.149512456943594607e-01
5.094203044706947514e-01
5.147136931134402849e-01
5.229249445897399262e-01
5.094292687190312696e-01
5.136783224305663254e-01
5.206569897605873853e-01
5.140548208607023106e-01
5.118092766523910653e-01
5.063634957879238341e-01
5.018813716196379726e-01
4.910211847598813795e-01
4.919220917177068442e-01
4.840380353056920604e-01
4.652131137988915754e-01
4.620039128943989049e-01
4.403686995340831967e-01
4.312834338449678118e-01
4.185900582003823089e-01
4.010470242057115886e-01
3.814646237144707630e-01
3.661178305622600493e-01
3.462620204967538085e-01
3.373605218985381571e-01
3.191048301611099647e-01
3.010597982595911715e-01
2.940990594262432589e-01
2.765918824249188335e-01
2.547773840978716509e-01
2.421826151849884590e-01
2.286241895759238141e-01
2.183197861130346806e-01
2.086070230403592740e-01
1.896745305535199322e-01
1.819652769840682804e-01
1.652200610913524270e-01
1.610203107456685823e-01
1.557224399787547342e-01
1.465385675579370661e-01
1.345847424011187288e-01
1.299860830044574644e-01
1.239307332531033173e-01
1.270547737983985237e-01
1.140073103445184699e-01
1.103678255198703717e-01
1.052626860921928170e-01
1.053344000788853790e-01
1.054285246864193892e-01
1.034429436798687679e-01
1.034608721765419015e-01
1.005967948330072637e-01
9.783580634534318199e-02
9.714107709925888512e-02
1.022103595335901588e-01
1.056212560256556826e-01
1.115286956794564049e-01
1.179426153642734315e-01
1.235990560646501590e-01
1.311962565298946393e-01
1.367047871327179420e-01
1.424643166889652257e-01
1.547498190342367075e-01
1.704013966298908445e-01
1.734492410643252158e-01
1.879085736312152977e-01
2.059311949118926566e-01
2.148506220067814554e-01
2.266027515760269118e-01
2.422946682891956027e-01
2.546518846211596743e-01
2.734543955071187527e-01
2.815087726375283816e-01
2.887518852934782831e-01
2.989218250313188663e-01
3.139996907334323684e-01
3.240082740012146800e-01
3.224888339081657396e-01
3.215431057086574618e-01
3.191765441478024989e-01
3.138741912567203918e-01
3.080070907204342512e-01
2.944038438696867099e-01
2.853947742914321739e-01
2.696938933299269370e-01
2.526976784837870471e-01
2.322905671455816334e-01
2.106150146677513435e-01
1.971955349079035635e-01
1.778865439909281809e-01
1.587882129098622530e-01
1.414468745027643581e-01
1.232673788761970007e-01
1.089200994135140488e-01
9.324611119701849138e-02
8.170464146368246194e-02
6.837032206303211845e-02
6.131994074631849645e-02
5.103794790427079037e-02
4.447611812190033209e-02
3.919617585165961759e-02
3.425239289404034132e-02
2.744404628241416122e-02
2.414072077038750125e-02
1.981995307215995636e-02
1.581741618988070919e-02
1.591154079741471244e-02
1.383631730749836954e-02
1.174764744507717125e-02
8.986658957413096518e-03
7.942324026202497375e-03
7.534450726888486730e-03
6.812828735794467828e-03
6.162920731393021351e-03
5.405441746952716238e-03
5.028943316816705811e-03
4.119072110654681262e-03
3.298843387858373978e-03
3.415378616233805467e-03
3.316771884531517084e-03
2.877523716039505353e-03
2.707202997644643679e-03
2.276919077489203500e-03
2.747542115159216317e-03
2.415864926706064522e-03
2.124526855767485366e-03
1.878010026511764408e-03
2.698238749308072126e-03
1.954206137372623692e-03
1.743546301463189379e-03
1.649421693929186989e-03
1.748028425631475372e-03
1.586671955573185251e-03
1.819742412324048663e-03
1.976616758214052791e-03
1.972134634045766798e-03
1.662868066434044318e-03
2.299329698330633033e-03
2.173830221618629557e-03
1.748028425631475372e-03
1.918349144026337046e-03
1.591154079741471028e-03
1.909384895689765277e-03
1.976616758214052791e-03
1.452208230524610223e-03
1.694242935612045187e-03
1.985581006550624344e-03
1.689760811443759411e-03
1.550814962226898606e-03
1.595636203909756804e-03
1.425315485514895130e-03
1.313262381307749417e-03
1.756992673968046925e-03
1.416351237178323577e-03
1.528404341385469507e-03
1.483583099702611091e-03
1.810778163987476893e-03
1.613564700582900344e-03
1.344637250485750286e-03
