4.083680263732254734e-02
3.872590218191531569e-02
4.135801262631198100e-02
4.213331248493377285e-02
4.092801438539569320e-02
4.144596681195394927e-02
4.285323378222543472e-02
4.178149574236589975e-02
4.282391572034478094e-02
3.870635680732821549e-02
4.168051130699920032e-02
4.255353803855650707e-02
4.173588986832932335e-02
4.326368664855462232e-02
4.177172305507235311e-02
4.213657004736495737e-02
4.346239795685684359e-02
4.387610838561720877e-02
4.279134009603294264e-02
4.361224582869130395e-02
4.426050075249692017e-02
4.338747402093961342e-02
4.466769605639492324e-02
4.392822938451615422e-02
4.457322674589058592e-02
4.526382998130159402e-02
4.539087491611776964e-02
4.485337711497240643e-02
4.617268989960192360e-02
4.527360266859514065e-02
4.425724319006573565e-02
4.454716624644110973e-02
4.404550163203877627e-02
4.312035390158252407e-02
4.583716096918997313e-02
4.807510635941338040e-02
4.586647903107063384e-02
4.559610134928235997e-02
4.587299415593299595e-02
4.656359739134400405e-02
4.881783059372332700e-02
5.010456775404100588e-02
5.018274925238942058e-02
4.962244851422577263e-02
5.015343119050876680e-02
4.872661884565017421e-02
4.880805790642977343e-02
5.055085380711321630e-02
5.161281915967919770e-02
5.196789346467824838e-02
5.196463590224706386e-02
5.161281915967919770e-02
5.239137658073216713e-02
5.433288378971783128e-02
5.101342767234134240e-02
5.147274397513828398e-02
5.275622357302477833e-02
5.281485969678608589e-02
5.418955104274573303e-02
5.396477923499403556e-02
5.818006502094612981e-02
5.784779365296535691e-02
5.559356045058603396e-02
5.634605737218954108e-02
5.665878336558319989e-02
5.883483506961410814e-02
5.717347822971027144e-02
5.860680569943122614e-02
5.911824300112711317e-02
5.582158982076891596e-02
5.929415137241104972e-02
6.119331026979132199e-02
6.098808383662673166e-02
6.021604154043612434e-02
6.171777782121194017e-02
6.105323508525040827e-02
6.142459720240538157e-02
5.947657486855735531e-02
6.191974669194535291e-02
6.230413905882506431e-02
6.217709412400888869e-02
6.477337138166253117e-02
6.534018724468854122e-02
6.675396933982240266e-02
6.826547830789177207e-02
6.637934966023624483e-02
6.708298314537197715e-02
6.739570913876564984e-02
7.265993002755898045e-02
6.877040048472528311e-02
6.838600811784557865e-02
7.318439757897959863e-02
7.099205806279276776e-02
6.774101075647115389e-02
7.287818671044830887e-02
7.220387128719321645e-02
7.547446396810195135e-02
7.503469303989210304e-02
7.580022021122034825e-02
7.878088983575370907e-02
7.717491155717999540e-02
7.717165399474880394e-02
7.561453915264286507e-02
7.934119057391735008e-02
7.888838939598277755e-02
8.213617913987321384e-02
7.695339731185947552e-02
8.131527340721485253e-02
8.259875300510134688e-02
8.380730866707060411e-02
8.399950485051045634e-02
8.288867606147672096e-02
8.535139325945181876e-02
8.683032660320935681e-02
8.830274482210451192e-02
9.079152251952908592e-02
8.838744144531529567e-02
8.788251926848178464e-02
8.887281824756171345e-02
9.174598831186599190e-02
9.203265380581018840e-02
9.049834190072253426e-02
9.160591312732509206e-02
9.135508082012391839e-02
9.246916717158884524e-02
9.688967939070551594e-02
9.314674015727511525e-02
9.909830671904827637e-02
9.827740098638990118e-02
1.017043566639954655e-01
9.899080715881919401e-02
9.560294223038784400e-02
1.023623842750946283e-01
1.000788330108346585e-01
1.017792805999127026e-01
1.079067555329697864e-01
1.045416935415567211e-01
1.040856348011909710e-01
1.060564600720572820e-01
1.017304171634449417e-01
1.080370580302171535e-01
1.073529699196685144e-01
1.095909153098919148e-01
1.157900566164350581e-01
1.129103714272683967e-01
1.142394568991914744e-01
1.126693118073607836e-01
1.162493729192319997e-01
1.172429294607431199e-01
1.163014939181309382e-01
1.218556378632996567e-01
1.230576784004065449e-01
1.232596472711399577e-01
1.260025148381968829e-01
1.202301142101388359e-01
1.244160819342102625e-01
1.223247268533901450e-01
1.251001700447589016e-01
1.243900214347608002e-01
1.264488008912690864e-01
1.281264455433288318e-01
1.270351621288821897e-01
1.270937982526435250e-01
1.306217383656157749e-01
1.353191433913830954e-01
1.329476379414811504e-01
1.354461883261992849e-01
1.338564978597814870e-01
1.365439868655082822e-01
1.331919551238199551e-01
1.365211839284899975e-01
1.389676133143091796e-01
1.393096573695834783e-01
1.367361830489481345e-01
1.387460990689886597e-01
1.399611698558202999e-01
1.381532227065131735e-01
1.435119129058108345e-01
1.440103199577819904e-01
1.447009231931929985e-01
1.444435757611294557e-01
1.458378124816762100e-01
1.422838118692544840e-01
1.457694036706213558e-01
1.453198600551179609e-01
1.478477285017167353e-01
1.518903634788160706e-01
1.476392445061209535e-01
1.500563558300594957e-01
1.461765989745193450e-01
1.535256598192704380e-01
1.524376339672549874e-01
1.532161913883079707e-01
1.553336069685775644e-01
1.526428604004195777e-01
1.509293825616167817e-01
1.538220980005081673e-01
1.607444181667741778e-01
1.581774589710011891e-01
1.541804298679384233e-01
1.580210959743043597e-01
1.581090501599463072e-01
1.627869098111265345e-01
1.569917062460502166e-01
1.589364710174670514e-01
1.534409631960596543e-01
1.605424492960407512e-01
1.582328375323313052e-01
1.638097844145182946e-01
1.648000833935982512e-01
1.606108581070956332e-01
1.634416798597945197e-01
1.684224928170748314e-01
1.643570549029572114e-01
1.625719106906683975e-01
1.684518108789554991e-01
1.680218126380391974e-01
1.679077979529477738e-01
1.711946784460124105e-01
1.753154949214601743e-01
1.738626220771521125e-01
1.703868029630787873e-01
1.708689222028940136e-01
1.747291336838470432e-01
1.780681351758106323e-01
1.784818456045710044e-01
1.746151189987556196e-01
1.763742027115949573e-01
1.792994937747982021e-01
1.831564476933200403e-01
1.854367413951488464e-01
1.843780336050140356e-01
1.855670438923961996e-01
1.861240870681286630e-01
1.862315866283577315e-01
1.907498257204099379e-01
1.908117194066024369e-01
1.880688518395454978e-01
1.910723244010971433e-01
1.907661135325658397e-01
1.905217963502270628e-01
1.901862674198150915e-01
1.987764595508473009e-01
1.966199532214034928e-01
1.978969176944276043e-01
1.976916912612630139e-01
1.956654874290665869e-01
1.997211526558906602e-01
1.950302627549856949e-01
2.083667233482529579e-01
2.052003726651421278e-01
2.070539256884858237e-01
2.072037735603202702e-01
2.041188619379890323e-01
2.083634657858217942e-01
2.035162128882199994e-01
2.161262370593332316e-01
2.107349712357237392e-01
2.104026998677429594e-01
2.140576849155313988e-01
2.118425424623262832e-01
2.160089648118106165e-01
2.154877548228211759e-01
2.155105577598394606e-01
2.202242505977627107e-01
2.191492549954719982e-01
2.209246265204672655e-01
2.139176097309904989e-01
2.143117747851637500e-01
2.138589736072291914e-01
2.156050270703437910e-01
2.172175204737798737e-01
2.129892044381030691e-01
2.109890611053560905e-01
2.094221735759565772e-01
2.107512590478796410e-01
2.105199721152656023e-01
2.058714305259660426e-01
2.054968108463798571e-01
2.071190769371094864e-01
2.033696225788167167e-01
2.022425059776270517e-01
2.013075855598772668e-01
1.994898657232765937e-01
1.998058492791014440e-01
1.977666151971802511e-01
1.909355067789874072e-01
1.923655766862771843e-01
1.846028054127657470e-01
1.816384236003882879e-01
1.743251959423802455e-01
1.721361139886245784e-01
1.780323019890676095e-01
1.686081738756523285e-01
1.639368293493344841e-01
1.546951247320654810e-01
1.614480516519098963e-01
1.594283629445758244e-01
1.495481760907947932e-01
1.504244603847832706e-01
1.414173002625595255e-01
1.384398882004573561e-01
1.434891099687925498e-01
1.376189824677989948e-01
1.363224726201877623e-01
1.367426981738104896e-01
1.333418029956544015e-01
1.380261777716969840e-01
1.340714969802396239e-01
1.356351269472079457e-01
1.324003674530422336e-01
1.369935304810116772e-01
1.362801243085823844e-01
1.430493390405827014e-01
1.422544938073738163e-01
1.474926541967176707e-01
1.513593808025330834e-01
1.571252663057287613e-01
1.625881985028242993e-01
1.729765650958700607e-01
1.790030555935604450e-01
1.859090879476705260e-01
1.890526356937630714e-01
1.977861605717673443e-01
2.018059926118483949e-01
2.039299233169803716e-01
2.048094651734000404e-01
2.106633048622376936e-01
2.104255028047612441e-01
2.155496485090136749e-01
2.127807204425072873e-01
2.064024132022490299e-01
2.013922821830880505e-01
1.959065470489742000e-01
1.911114151502713576e-01
1.897758145534859109e-01
1.735857292705014765e-01
1.601287388672803791e-01
1.517763487937246192e-01
1.422056303709060554e-01
1.329476379414811504e-01
1.211357165660079810e-01
1.169236883424870782e-01
1.066330486223768526e-01
9.456377981484015427e-02
8.476177445940751010e-02
7.731172917928971766e-02
7.057183250917004047e-02
6.393617783684824030e-02
5.816703477122139171e-02
5.340773605926157908e-02
4.754412368313038623e-02
4.010710865273733189e-02
3.630227573311442524e-02
3.442917733518362916e-02
3.132797790069646870e-02
2.851995908501586338e-02
2.639928594231508510e-02
2.212210647017050225e-02
1.994605476613959399e-02
1.816091055385076619e-02
1.756151906651291089e-02
1.607607059789300727e-02
1.393259451817394079e-02
1.199434487161946464e-02
1.075321358533836216e-02
1.027109434552313239e-02
9.600036484699229697e-03
8.437086696766543659e-03
8.205799764152480608e-03
5.795203565076324781e-03
6.717093733101395063e-03
6.029748060121572356e-03
4.961267582693221906e-03
5.241417951775045880e-03
5.329372137417013287e-03
4.446572718566151224e-03
3.430213240036745354e-03
4.208770661089719992e-03
3.775514857742248535e-03
4.189225286502615449e-03
3.397637615724905316e-03
3.153320433386105903e-03
3.599606486458312854e-03
2.540898696323515109e-03
2.752640254350474484e-03
2.573474320635355146e-03
2.850367127285994596e-03
2.726579754901002628e-03
2.368247887470763518e-03
2.198854641049195584e-03
2.234687827792219712e-03
2.009916020040523974e-03
2.273778576966427496e-03
1.951279896279212297e-03
1.700447589078044703e-03
2.391050824489051284e-03
2.244460515085771549e-03
2.182566828893275565e-03
1.651584152610284864e-03
1.612493403436076863e-03
