5.126645916846027384e-02
4.828467260356907736e-02
4.842069327871170031e-02
4.738853639086474528e-02
5.097041416962044824e-02
4.910079665442480812e-02
5.123178723165921350e-02
4.742054125560418720e-02
5.004760723629991803e-02
4.848737008025219564e-02
4.894877354691246074e-02
4.841802620665007495e-02
5.207191493106952396e-02
4.951952696809915067e-02
5.126379209639865542e-02
5.265066956844106916e-02
5.076238254881408618e-02
4.909546251030156433e-02
5.171452727481243988e-02
5.360814843856265971e-02
5.391486172564896595e-02
5.240796601083364675e-02
5.351213384434434089e-02
5.230395020043046572e-02
5.382684834761550241e-02
5.199723691334415948e-02
5.450428465126699179e-02
5.404288118460672669e-02
5.651525698572849865e-02
5.384018370792360147e-02
5.453362244394481528e-02
5.632056072523023565e-02
5.344278997074222021e-02
5.427758352602928688e-02
5.316808154839535588e-02
5.628055464430593152e-02
5.892095598530976835e-02
5.850222567163541887e-02
5.715535428051730232e-02
5.544309401695724643e-02
5.868892071594882659e-02
5.869958900419530723e-02
5.782745644004555485e-02
5.873959508511960442e-02
6.000912138645073807e-02
6.053986872671312386e-02
6.109461971553009629e-02
6.220945583728727107e-02
5.943570089320243666e-02
6.121197088624137639e-02
6.243615696252496905e-02
6.340697119295465867e-02
6.335362975172226241e-02
6.390037952435437263e-02
6.613005176786872219e-02
6.269486295250210894e-02
6.352432236366593876e-02
6.625007001064162071e-02
6.423109645999525164e-02
6.352965650778918949e-02
6.523391555516439011e-02
6.624473586651838386e-02
6.395105389352515046e-02
6.700751847614171142e-02
6.678615149502724335e-02
6.684216000832125804e-02
6.755960239289705849e-02
6.810368509346753640e-02
6.847174103797110112e-02
7.034935976935161039e-02
7.076809008302595294e-02
6.873844824413311017e-02
7.009865499555932578e-02
7.092544733466153717e-02
6.977593927610330204e-02
7.037603048996780852e-02
7.127483377473375903e-02
7.253635885988003740e-02
7.129617035122672031e-02
7.361118890071291498e-02
7.233099431113529376e-02
7.312844885755968860e-02
7.347516822557029204e-02
7.437130443827462412e-02
7.378188151265659134e-02
7.333914755042766909e-02
7.732642028254961553e-02
7.362985840514424396e-02
7.352584259474106987e-02
7.898533910487727516e-02
7.743310316501442192e-02
7.820121991876098633e-02
7.446465196043132451e-02
8.057491405360281411e-02
8.000682770447774261e-02
8.178576476957831465e-02
7.969211320120658804e-02
8.145238076187580334e-02
8.198046103007657071e-02
8.246853521735303394e-02
8.429547957956276538e-02
8.306329228709430357e-02
8.194845616533713573e-02
8.212181584934243050e-02
8.422080156183739397e-02
8.382074075259439427e-02
8.361537620384965064e-02
8.261789125280376289e-02
8.261522418074214447e-02
8.360737498766479536e-02
8.399410043659970293e-02
8.543698642193613135e-02
8.751996970206138426e-02
8.606908250054008669e-02
8.515694385546603018e-02
8.688787362345742893e-02
9.018704176368141923e-02
9.088314757176424452e-02
9.072845739219027872e-02
8.898685933595239239e-02
8.702656137066167030e-02
9.088048049970262610e-02
9.101650117484524904e-02
9.133388275017802205e-02
9.238470914245631993e-02
9.007769180915499441e-02
9.389960607345650134e-02
9.470506183606575146e-02
9.259807490738591884e-02
9.094715730124312836e-02
9.400362188385967543e-02
9.635597944220855582e-02
9.791354952619464591e-02
9.819625916472636551e-02
9.585190282256236816e-02
9.948712204255047431e-02
9.949512325873532959e-02
9.360089400255505732e-02
9.493443003336507480e-02
9.971649023984978377e-02
9.752682407725973834e-02
9.675870732351317394e-02
9.814291772349396925e-02
9.960714028532337283e-02
1.014607553681492885e-01
9.872433943292713288e-02
1.019888356363500559e-01
9.794288731887246247e-02
9.880168452271412272e-02
9.819092502060312866e-02
1.022982159954979875e-01
1.046132345449841683e-01
9.826827011039011850e-02
1.028342974798836101e-01
1.030449961727515906e-01
1.025462536972286398e-01
9.880701866683735957e-02
1.008099897851140042e-01
1.029569827947181271e-01
1.027142792371107116e-01
1.045545589596285352e-01
1.065628642220284167e-01
1.044105370683010431e-01
1.039277970251478167e-01
1.041224932856460866e-01
1.050346319307201293e-01
1.059974449449649636e-01
1.059441035037325674e-01
1.065201910690424941e-01
1.068589092208682423e-01
1.099767164609020548e-01
1.058427547653910117e-01
1.055600451268592782e-01
1.086725182227698677e-01
1.068989153017925325e-01
1.067228885457256193e-01
1.106541527645535511e-01
1.069789274636411408e-01
1.061094619715530069e-01
1.098780347946221175e-01
1.107341649264021455e-01
1.131585334304147511e-01
1.121583814073072449e-01
1.131745358627844755e-01
1.142333634712476287e-01
1.115689584816892121e-01
1.137559575722176392e-01
1.109181928986539278e-01
1.110008721325641545e-01
1.140573367151807016e-01
1.168070880107109633e-01
1.136759454103690448e-01
1.163990259852830944e-01
1.175378657555948558e-01
1.179139229162832758e-01
1.215198043435935654e-01
1.201275927274279010e-01
1.219652053778841061e-01
1.180899496723502029e-01
1.189407456600069940e-01
1.195701746665493170e-01
1.203089536276180649e-01
1.262431889647226413e-01
1.243148958641713542e-01
1.272860141408160839e-01
1.241815422610903497e-01
1.243308982965410786e-01
1.253043795990323728e-01
1.283341734610327356e-01
1.241522044684125331e-01
1.275527213469780652e-01
1.279927882371453829e-01
1.300117617877917520e-01
1.289075939542810578e-01
1.265952424768564955e-01
1.317480256999063737e-01
1.303718165161104614e-01
1.306065188575330216e-01
1.342284027172130079e-01
1.340790466817622928e-01
1.314386453407584698e-01
1.327721813715684873e-01
1.363780627988787630e-01
1.365834273476234928e-01
1.384690472951888573e-01
1.387144179248579190e-01
1.335803042062393420e-01
1.392211616165657251e-01
1.417655483633512292e-01
1.412508034554585679e-01
1.395252078315903921e-01
1.360153409984984352e-01
1.410080998978511524e-01
1.430217393043742569e-01
1.420135860650818815e-01
1.437765206978127430e-01
1.430777478176682993e-01
1.430590783132369426e-01
1.393598493637699665e-01
1.427550320982122478e-01
1.427550320982122478e-01
1.457928271763974659e-01
1.424349834508178703e-01
1.407227231872577866e-01
1.405146915664514384e-01
1.406827171063334825e-01
1.380796547741923452e-01
1.394105237329407443e-01
1.382770181067522197e-01
1.353165681183539915e-01
1.379436340990497223e-01
1.369941564451129801e-01
1.368101284728611977e-01
1.371675161291182887e-01
1.371355112643788399e-01
1.356019448289473295e-01
1.396638955787946335e-01
1.382983546832451949e-01
1.420695945783759240e-01
1.378876255857557076e-01
1.357619691526445460e-01
1.424296493066946057e-01
1.412908095363828720e-01
1.406880512504567471e-01
1.453820980789080064e-01
1.447099959193797469e-01
1.489239697767393844e-01
1.539193957481537200e-01
1.558103498398423215e-01
1.536580226861149479e-01
1.626833945426371386e-01
1.627447372000544179e-01
1.675828059198331554e-01
1.706206009980183735e-01
1.790218779921214642e-01
1.805634456437378577e-01
1.798913434842095982e-01
1.883779667842845340e-01
1.870470978255361350e-01
1.858415812536838851e-01
1.927519649653413880e-01
1.964005195456376140e-01
1.955923967109667316e-01
1.966352218870601742e-01
1.911730583048623366e-01
1.916798019965701427e-01
1.891860896189554164e-01
1.776403346642022874e-01
1.756453647621105119e-01
1.714580616253670586e-01
1.656065055221727089e-01
1.605764076139573338e-01
1.514896931000178637e-01
1.418748983178776402e-01
1.340470418170228439e-01
1.258671318040342213e-01
1.189967541733010087e-01
1.110435452855500771e-01
1.023835623014698187e-01
9.608927223604654677e-02
8.838143397796464906e-02
8.111366261005005518e-02
7.801452487444758555e-02
7.024267688688680400e-02
6.381236614632090909e-02
5.806749292559135883e-02
5.230395020043046572e-02
4.783927156927852975e-02
4.495883374272889588e-02
4.056883312930231744e-02
3.874188876709259988e-02
3.570942783303061863e-02
3.322905081572399139e-02
2.800959079113358660e-02
2.571590881814035667e-02
2.677206935454189141e-02
2.303816846827384454e-02
1.931226879819065989e-02
1.764534875967813804e-02
1.733596840053021337e-02
1.668520281749492559e-02
1.538100457936272987e-02
1.466889633891018188e-02
1.220452175397327040e-02
1.168977684608060383e-02
1.196715234048908831e-02
1.054026878752237044e-02
9.644132574818038359e-03
8.996034063844370737e-03
8.718658569435887989e-03
7.065073891231466938e-03
6.536993623030700439e-03
7.139751908956827944e-03
6.174271822650376045e-03
5.878226823810552178e-03
5.235462456960124876e-03
5.024763764092141788e-03
4.438007910535734374e-03
4.408670117857914350e-03
4.307321379516353479e-03
4.277983586838532588e-03
3.989939804183569201e-03
3.155146248896499063e-03
3.381847374134201809e-03
3.157813320958118789e-03
3.304502284347220643e-03
3.120474312095438719e-03
2.997788997260917004e-03
2.683074493989753319e-03
2.904441475104215745e-03
2.773754944084834417e-03
2.829763457378854739e-03
2.587059899771431901e-03
2.659070845435172747e-03
2.819095169132374967e-03
2.445705080505570367e-03
2.544386746785511511e-03
2.323019765671048651e-03
2.293681972993228194e-03
1.845613866641062804e-03
1.944295532921003948e-03
2.056312559509045242e-03
2.013639406523124852e-03
2.061646703632285561e-03
2.016306478584745012e-03
1.770935848915701797e-03
2.224338099391107507e-03
1.920291884366423594e-03
1.802940713655142198e-03
1.349538463179736705e-03
1.512229858938558651e-03
1.533566435431518845e-03
1.714927335621681259e-03
1.754933416545981706e-03
1.373542111734316843e-03
1.592242020787159543e-03
1.602910309033639749e-03
1.360206751426216694e-03
1.304198238132196156e-03
1.453554273582917953e-03
1.296197021947335893e-03
1.482892066260738193e-03
1.632248101711460207e-03
1.805607785716762358e-03
1.314866526378676145e-03
1.389544544104037152e-03
1.530899363369898902e-03
1.442885985336437747e-03
1.626913957588220104e-03
1.437551841213197644e-03
1.432217697089957758e-03
1.432217697089957758e-03
1.322867742563536408e-03
1.530899363369898902e-03
1.581573732540679554e-03
1.181512923297674657e-03
1.232187292468455309e-03
1.562904228109339303e-03
1.418882336781857609e-03
1.418882336781857609e-03
1.389544544104037152e-03
